0.0010073304153818128
0.0010101324624712347
0.0010129502685068726
0.00101578397120392
0.0010186337099212992
0.001021499625686638
0.0010243818612217122
0.0010272805609683581
0.0010301958711148786
0.001033127939622928
0.0010360769162549167
0.0010390429526019231
0.0010420262021121312
0.001045026820119819
0.0010480449638748913
0.0010510807925729743
0.0010541344673860905
0.0010572061514939248
0.0010602960101156957
0.001063404210542635
0.0010665309221711075
0.001069676316536372
0.0010728405673470138
0.0010760238505200333
0.0010792263442166454
0.0010824482288787748
0.0010856896872662924
0.0010889509044949644
0.0010922320680752
0.0010955333679515387
0.0010988549965429536
0.001102197148783978
0.0011055600221666362
0.001108943816783261
0.0011123487353701695
0.001115774983352233
0.0011192227688883814
0.0011226923029180257
0.0011261837992084637
0.0011296974744032645
0.0011332335480716646
0.0011367922427590012
0.0011403737840382094
0.0011439784005624189
0.0011476063241186373
0.0011512577896826174
0.0011549330354748708
0.0011586323030178946
0.0011623558371946295
0.0011661038863081939
0.0011698767021428988
0.0011736745400266152
0.001177497658894483
0.0011813463213540558
0.0011852207937518534
0.0011891213462414008
0.0011930482528527944
0.0011970017915638074
0.0012009822443726015
0.0012049898973720838
0.0012090250408259204
0.0012130879692463167
0.0012171789814735456
0.0012212983807573091
0.0012254464748399734
0.0012296235760417276
0.00123383000134772
0.0012380660724972301
0.001242332116074922
0.0012466284636042514
0.0012509554516430758
0.0012553134218815357
0.0012597027212422694
0.0012641237019830238
0.0012685767218017353
0.00127306214394415
0.0012775803373140475
0.0012821316765861646
0.0012867165423218734
0.0012913353210876994
0.001295988405576793
0.001300676194733377
0.0013053990938803374
0.0013101575148499744
0.0013149518761180784
0.0013197826029413696
0.001324650127498439
0.001329554889034289
0.0013344973340085784
0.0013394779162476927
0.001344497097100743
0.0013495553455996345
0.0013546531386233074
0.0013597909610663103
0.0013649693060118144
0.0013701886749092115
0.0013754495777564709
0.0013807525332873594
0.0013860980691637135
0.001391486722172937
0.001396919038430828
0.0014023955735899985
0.0014079168930540033
0.0014134835721973747
0.0014190961965918002
0.0014247553622385924
0.0014304616758076822
0.001436215754883386
0.0014420182282170936
0.0014478697359872304
0.0014537709300666106
0.0014597224742975482
0.001465725044774903
0.001471779330137421
0.0014778860318675723
0.0014840458646002504
0.0014902595564406298
0.0014965278492914662
0.0015028514991902362
0.0015092312766564365
0.0015156679670494024
0.00152216237093705
0.001528715304475919
0.001535327599802943
0.001542000105439408
0.0015487336867074624
0.0015555292261597677
0.0015623876240226902
0.0015693097986535897
0.0015762966870127369
0.0015833492451504162
0.0015904684487097751
0.0015976552934461017
0.0016049107957630798
0.0016122359932667669
0.0016196319453379326
0.0016270997337235616
0.0016346404631481955
0.001642255261946015
0.0016499452827144162
0.0016577117029900246
0.0016655557259480282
0.001673478581125816
0.0016814815251719468
0.0016895658426214592
0.0016977328466987217
0.0017059838801489185
0.0017143203160994334
0.001722743558952429
0.0017312550453099749
0.0017398562449331117
0.001748548661736441
0.0017573338348196967
0.0017662133395380819
0.0017751887886130184
0.0017842618332851972
0.0017934341645118679
0.001802707514210399
0.0018120836565502384
0.0018215644092956004
0.001831151635201222
0.001840847243463723
0.0018506531912312887
0.0018605714851744227
0.0018706041831207932
0.0018807533957573251
0.0018910212884028648
0.0019014100828549148
0.0019119220593142186
0.0019225595583911524
0.0019333249831980598
0.0019442208015320068
0.001955249548152746
0.0019664138271607242
0.001977716314480659
0.001989159760456117
0.0020007469925612804
0.0020124809182361816
0.0020243645278522223
0.002036400897815195
0.002048593193813609
0.002060944674220368
0.0020734586936567265
0.0020861387067277666
0.0020989882719394705
0.0021120110558079824
0.002125210837172518
0.0021385915117241453
0.0021521570967634692
0.002165911736201271
0.0021798597058170937
0.0021940054187919076
0.0022083534315321517
0.0022229084498037446
0.002237675335196042
0.0022526591119372795
0.002267864974084641
0.0022832982931139294
0.002298964625935779
0.002314869723367497
0.0023310195390918815
0.002347420239137077
0.002364078211914179
0.002381000078852441
0.00239819270567526
0.0024156632143638355
0.002433418995859439
0.0024514677235596364
0.002469817367668821
0.0024884762104687122
0.002507452862580504
0.0025267562802969074
0.002546395784069795
0.0025663810782468655
0.002586722272160228
0.0026074299026793025
0.002628514958351929
0.0026499889052695267
0.0026718637148063456
0.002694151893397895
0.0027168665145410648
0.00274002125321774
0.0027636304229653567
0.0027877090158420913
0.0028122727455622116
0.0028373380941075256
0.0028629223621563786
0.002889043723711031
0.0029157212853491155
0.0029429751505763197
0.002970826489815234
0.002999297616632186
0.0030284120708793908
0.003058194709517325
0.0030886718059819664
0.003119871159076921
0.0031518222125035723
0.0031845561862960457
0.0032181062216067925
0.003252507540496001
0.0032877976226205687
0.0033240164010018784
0.003361206479384028
0.0033994133740858864
0.003438685783711763
0.0034790758906333235
0.0035206396988048546
0.003563437413249598
0.003607533867482429
0.0036529990062483656
0.0036999084323005005
0.0037483440275670687
0.0037983946610360476
0.0038501569980996715
0.0039037364290635916
0.003959248138174561
0.004016818339038527
0.004076585707923039
0.0041387030534686614
0.004203339270173197
0.004270681634188113
0.004340938514171472
0.004414342588104923
0.004491154680338893
0.00457166836334504
0.004656215507967045
0.004745173017409056
0.004838971047897066
0.004938103108476759
0.005043138551314355
0.005154738122266647
0.0052736734527213764
0.005400851654828409
0.005537346553687199
0.0056844385731161795
0.005843665900176241
0.0060168902723057235
0.006206381462476027
0.006414924981991703
0.006645956908036724
0.006903726278304457
0.007193475285514432
0.0075216028393396
0.007895724911870516
0.008324450915030007
0.008816568686947357
0.009379280065858225
0.010015455661003989
0.01072088479851153
0.011483600660551827
0.01228669327214497
0.013113184641192674
0.013949836283484821
0.014788318628092842
0.01562445543401536
0.0164568688328869
0.01728580195616397
0.018112321722105196
0.01893784564808883
0.019763884328307574
0.020591911762526654
0.02142330660181624
0.022259330872967442
0.023101127544536786
0.02394972688432284
0.02480605633709282
0.025670951249275653
0.02654516515622581
0.027429379077674083
0.02832420964151953
0.02923021604051057
0.030147905910180666
0.031077740248013686
0.032020137499201816
0.0329754769273888
0.03394410137676627
0.03492631951850481
0.03592240766159318
0.03693261119649405
0.037957145729882014
0.03899619796008532
0.04004992633560892
0.04111846153307289
0.042201906785903985
0.0433003380909886
0.044413804317088634
0.045542327236003766
0.04668590149513865
0.04784449454818288
0.04901804655899302
0.05020647029238682
0.05140965100437354
0.05262744634332681
0.05385968627268158
0.05510617302491707
0.056366681095816384
0.0576409572872608
0.05892872080611411
0.06022966342604772
0.06154344971845958
0.0628697173579222
0.06420807750687324
0.0655581152835066
0.06691939031605827
0.06829143738588668
0.06967376716094144
0.07106586702038349
0.07246720197029281
0.07387721564954965
0.07529533142414696
0.07672095356735785
0.0781534685223811
0.07959224624331102
0.08103664160953633
0.08248599590799414
0.08393963837707559
0.08539688780542413
0.08685705417840006
0.0883194403645997
0.0897833438345345
0.09124805840340956
0.09271287598987708
0.0941770883827191
0.09563998900760402
0.09710087468640836
0.09855904738206568
0.10001381592254631
0.10146449769834154
0.10291042032878127
0.10435092329361341
0.10578535952756087
0.10721309697701614
0.10863352011967686
0.1100460314497081
0.11145005293298162
0.11284502743898313
0.11423042015803819
0.11560572001438435
0.116970441086951
0.11832412404989483
0.11966633764278944
0.12099668017388308
0.12231478104535733
0.12362030226061642
0.12491293981884184
0.1261924248010958
0.12745852376934122
0.1287110377723811
0.1299497986746069
0.13117466052286633
0.13238548199732644
0.13358209340260274
0.13476423824644
0.13593147683238102
0.1370830433069482
0.13821767195271575
0.13933347008495908
0.1404279962050779
0.1414986876125053
0.14254353460957261
0.14356159237433605
0.14455300274676816
0.145518625650677
0.14645960699183863
0.14737708689234952
0.14827206683123798
0.14914537777549144
0.14999769460678403
0.15082956510822546
0.15164143932302113
0.1524336944144758
0.1532066542035883
0.15396060400508707
0.15469580172421188
0.15541248611541217
0.1561108829321138
0.15679120952187628
0.157453678276164
0.15809849923283795
0.15872588204745683
0.15933603749006822
0.15992917858140346
0.1605055214517052
0.16106528598335093
0.16160869628253033
0.1621359810137291
0.1626473736224105
0.16314311246520383
0.16362344086245909
0.16408860708477424
0.1645388642827227
0.1649744703672629
0.16539568784704428
0.1658027836278861
0.16619602877903794
0.1665756982703261
0.166942070683933
0.1672954279042805
0.16763605478928542
0.167964238826079
0.16828026977415447
0.16858443929876551
0.16887704059728578
0.1691583680211125
0.16942871669556894
0.16968838214012907
0.16993765989114393
0.17017684512910317
0.17040623231230737
0.17062611481866655
0.1708367845971798
0.1710385318304752
0.17123164460963705
0.17141640862236582
0.17159310685536752
0.17176201931170834
0.17192342274371178
0.17207759040184992
0.1722247917999257
0.17236529249673146
0.17249935389424773
0.17262723305233765
0.17274918251980434
0.17286545018158192
0.17297627912176675
0.17308190750211794
0.17318256845561067
0.17327848999456377
0.17336989493284216
0.1734570008215829
0.1735400198978816
0.173619159045854
0.17369461976947487
0.17376659817658677
0.17383528497347225
0.17390086546938718
0.17396351959044587
0.17402342190227416
0.1740807416408426
0.17413564275091598
0.17418828393156283
0.17423881868819124
0.17428739539058757
0.17433415733646426
0.1743792428200317
0.1744227852051352
0.17446491300251435
0.1745057499507684
0.17454541510062227
0.17458402290211716
0.1746216832943636
0.17465850179751363
0.17469457960663312
0.17473001368717056
0.17476489687173105
0.17479931795789572
0.17483336180682585
0.17486710944242378
0.17490063815082468
0.17493402158002072
0.17496732983941768
0.17500062959915752
0.1750339841890359
0.17506745369686386
0.1751010950661389
0.1751349621928883
0.1751691060215775
0.17520357463996697
0.17523841337282375
0.17527366487439888
0.1753093692195872
0.17534556399370108
0.17538228438079062
0.17541956325045072
0.17545743124306998
0.1754959168534691
0.17553504651289567
0.17557484466933823
0.17561533386613273
0.1756565348188376
0.1756984664903591
0.1757411461643076
0.17578458951658202
0.1758288106851651
0.17587382233813342
0.17591963573987623
0.1759662608155248
0.17601370621360193
0.17606197936688983
0.1761110865515337
0.1761610329443862
0.17621182267860988
0.17626345889754838
0.17631594380688698
0.176369278725116
0.1764234641323211
0.17647849971731325
0.17653438442313107
0.17659111649092493
0.1766486935022572
0.17670711241983547
0.1767663696267082
0.17682646096394428
0.1768873817668272
0.1769491268995862
0.1770116907886934
0.17707506745475443
0.17713925054302063
0.17720423335254876
0.1772700088640391
0.17733656976637976
0.1774039084819239
0.17747201719053188
0.1775408878524042
0.17761051222973653
0.17768088190722361
0.17775198831144257
0.17782382272914452
0.1778963763244814
0.17796964015519864
0.17804360518782325
0.17811826231187208
0.17819360235311243
0.17826961608590086
0.17834629424463114
0.17842362753431415
0.1785016066403234
0.1785802222373287
0.17865946499744845
0.1787393255976452
0.17881979472639298
0.17890086308964295
0.17898252141610985
0.17906476046191208
0.17914757101458323
0.17923094389648708
0.17931486996765575
0.17939934012808081
0.17948434531947552
0.17956987652654033
0.17965592477774575
0.17974248114566538
0.17982953674687593
0.17991708274144855
0.1800051103320556
0.18009361076271246
0.18018257531717818
0.1802719953170339
0.1803618621194624
0.18045216711474857
0.18054290172352072
0.18063405739375207
0.18072562559754402
0.1808175978277092
0.18090996559417075
0.18100272042020196
0.18109585383851864
0.1811893573872451
0.18128322260576932
0.18137744103050793
0.1814720041905916
0.18156690360349226
0.1816621307706062
0.18175767717280764
0.18185353426598994
0.18194969347660628
0.18204614619722836
0.1821428837821321
0.18223989754292758
0.18233717874424685
0.18243471859949745
0.18253250826670162
0.18263053884442568
0.18272880136781808
0.18282728680476065
0.18292598605215118
0.1830248899323215
0.18312398918960437
0.18322327448705877
0.18332273640336258
0.18342236542988025
0.18352215196791696
0.18362208632616248
0.18372215871834005
0.18382235926105736
0.18392267797187625
0.1840231047676014
0.18412362946279648
0.18422424176853072
0.18432493129136704
0.18442568753258692
0.18452649988766656
0.1846273576460001
0.184728249990877
0.18482916599971624
0.18493009464455915
0.18503102479282232
0.18513194520831355
0.1852328445525112
0.185333711386106
0.18543453417080968
0.18553530127142426
0.18563600095817687
0.1857366214093151
0.18583715071396223
0.1859375768752308
0.1860378878135918
0.18613807137049576
0.18623811531224232
0.18633800733409436
0.18643773506463387
0.1865372860703516
0.1866366478604673
0.18673580789197639
0.18683475357491228
0.18693347227782212
0.18703195133344722
0.18713017804460208
0.18722813969024077
0.18732582353170843
0.187423216819164
0.1875203067981687
0.18761708071642968
0.18771352583068954
0.18780962941375412
0.18790537876164426
0.18800076120086598
0.1880957640957854
0.18819037485609771
0.18828458094438363
0.18837836988373505
0.18847172926544417
0.18856464675674225
0.1886571101085782
0.1887491071634226
0.18884062586308756
0.18893165425654979
0.18902218050776579
0.18911219290346568
0.18920167986091455
0.1892906299356317
0.1893790318290516
0.18946687439611778
0.18955414665279915
0.1896408377835134
0.18972693714844993
0.18981243429077885
0.18989731894373585
0.1899815810375729
0.19006521070636206
0.19014819829464655
0.19023053436392243
0.19031220969894824
0.19039321531386885
0.19047354245814532
0.19055318262228385
0.190632127543353
0.19071036921028353
0.19078789986894207
0.19086471202697233
0.19094079845839648
0.19101615220797163
0.19109076659529345
0.19116463521864577
0.19123775195858764
0.191310110981273
0.19138170674150512
0.19145253398551385
0.19152258775345987
0.19159186338166245
0.19166035650454347
0.19172806305629375
0.19179497927225653
0.19186110169002832
0.191926427150279
0.1919909527972877
0.19205467607920232
0.1921175947480173
0.1921797068592754
0.19224101077149558
0.19230150514532937
0.19236118894244902
0.19242006142417234
0.19247812214982582
0.19253537097485343
0.19259180804867584
0.19264743381230134
0.1927022489957002
0.19275625461494403
0.19280945196911725
0.19286184263700865
0.19291342847358842
0.19296421160627864
0.19301419443102366
0.19306337960816874
0.19311177005815386
0.1931593689570319
0.19320617973181844
0.19325220605568005
0.19329745184297278
0.19334192124413588
0.19338561864045078
0.19342854863867495
0.19347071606555657
0.19351212596224165
0.19355278357857983
0.19359269436733906
0.19363186397833662
0.1936702982524979
0.1937080032158459
