0.28393109030940167
0.28918631821841667
0.2945987070862525
0.3001738324428461
0.30591746907152856
0.3118355952477689
0.3179343965521448
0.3242202691580984
0.330699822480917
0.33737988105829536
0.3442674855150834
0.3513698924448807
0.35869457301898944
0.3662492101088293
0.3740416936805843
0.3820801141911398
0.3903727536813783
0.39892807422710086
0.4077547033686515
0.41686141609804483
0.42625711293678864
0.4359507935889124
0.44595152560205126
0.45626840741527586
0.4669105251160726
0.4778869021714727
0.4892064413406983
0.5008778579201828
0.5129096034186115
0.525309778711548
0.5380860356856308
0.5512454663545018
0.564794478416911
0.5787386562374809
0.5930826062677872
0.607829785997455
0.6229823156399833
0.6385407719248269
0.654503963596607
0.6708686885247307
0.687629472713747
0.7047782919883909
0.7223042777180647
0.7401934086532465
0.7584281917791719
0.7769873360523697
0.7958454239726317
0.814972587147465
0.8343341933094149
0.8538905536199392
0.8735966604921841
0.8934019675322104
0.9132502244559454
0.9330793808972316
0.9528215737706164
0.9724032131696321
0.9917451815383633
1.0107631599193772
1.0293680933366094
1.0474668047189273
1.0649627631507077
1.0817570076439784
1.0977492221258283
1.1128389510675314
1.1269269383823852
1.1399165652040295
1.1517153553266695
1.1622365108955337
1.1714004358635945
1.1791362012453197
1.1853829047093793
1.19009087786085
1.193222697824652
1.194753965430419
1.1946738201995102
1.19298517204422
1.1897046405471225
1.1848622042208268
1.1785005735294465
1.1706743119702914
1.1614487385341847
1.1508986518856286
1.1391069213022584
1.126162991650488
1.112161349503196
1.097199995145856
1.0813789610207005
1.0647989115635619
1.0475598528731525
1.0297599736931748
1.0114946322176748
0.9928554966171332
0.9739298412100963
0.954799995068211
0.9355429356500325
0.9162300168442309
0.8969268185357331
0.8776931034127777
0.8585828661000848
0.8396444597082416
0.820920785400673
0.8024495314702197
0.784263449570319
0.7663906570594516
0.7488549558054848
0.7316761591913044
0.71487042041162
0.6984505564163107
0.682426363012839
0.6668049176757688
0.6515908675183558
0.6367867006618195
0.6223929998959498
0.6084086780699826
0.5948311950947557
0.5816567567877802
0.5688804960637129
0.5564966371746877
0.5444986438492738
0.5328793522748859
0.5216310899251523
0.5107457812588532
0.5002150413173722
0.49003025822848983
0.4801826655914076
0.4706634056740338
0.4614635843032666
0.45257431827399114
0.4439867760453183
0.4356922124348939
0.42768199796489315
0.41994764345788554
0.41248082042737977
0.40527337775736666
0.3983173551176608
0.3916049935174534
0.38512874335842495
0.3788812703108233
0.3728554593011541
0.36704441686840705
0.3614414721167682
0.3560401764666518
0.35083430238206753
0.3458178412311084
0.34098500041699414
0.3363301998999794
0.33184806821493895
0.3275334380756754
0.32338134164479554
0.3193870055370435
0.31554584561438065
0.3118534616226794
0.30830563171240577
0.3048983068792938
0.3016276053554647
0.2984898069767787
0.295481347548369
0.2925988132272192
0.28983893493833174
0.28719858283948724
0.2846747608487314
0.28226460124865993
0.27996535938217953
0.2777744084557978
0.27568923446853955
0.27370743128732616
0.2718266958929986
0.27004482382507344
0.26835970485755645
0.2667693189427122
0.26527173246421903
0.26386509484536286
0.2625476355616198
0.2613176616095526
0.26017355548512716
0.25911377372371164
0.25813684605082393
0.2572413751864739
0.2564260373366265
0.25568958339234094
0.25503084084073163
0.2544487163720774
0.2539421991447812
0.2535103646451852
0.25315237905367804
0.25286750400349706
0.25265510159572235
0.2525146395150912
0.25244569607792483
0.2524479650374176
0.25252125997372793
0.2526655181074986
0.25288080339550706
0.2531673087954003
0.25352535762148665
0.253955403953346
0.25445803210108037
0.25503395517279165
0.25568401282861025
0.25640916833904986
0.2572105050916487
0.25808922270757323
0.25904663293848346
0.26008415551367753
0.2612033140989607
0.26240573251326277
0.26369313132807054
0.26506732495022295
0.26653021926208614
0.26808380986627417
0.2697301809562185
0.27147150481001725
0.2733100418839806
0.2752481414642656
0.2772882428203847
0.27943287679276935
0.28168466773785
0.28404633574773097
0.28652069905709165
0.2891106765467329
0.29181929025089887
0.294649667773405
0.297605044515483
0.3006887656154545
0.30390428749677684
0.3072551789162416
0.31074512139791377
0.3143779089306691
0.31815744679776353
0.3220877493955017
0.32617293688497845
0.33041723050557764
0.334824946361895
0.33940048747654883
0.3441483338803049
0.3490730304881063
0.3541791724849454
0.359471387919515
0.3649543171762975
0.3706325889687756
0.37651079246825647
0.38259344515507204
0.3888849559526892
0.39538958318154993
0.40211138684988357
0.40905417478479683
0.41622144210114725
0.4236163035102389
0.43124141798857557
0.4390989053620287
0.4471902544171024
0.4555162222327313
0.46407672453860743
0.47287071705438716
0.4818960679543376
0.4911494218393395
0.5006260558885368
0.5103197292107559
0.5202225268249099
0.5303247001708726
0.5406145065864435
0.551078050778382
0.5616991319564145
0.5724591009743382
0.5833367325109388
0.5943081179955062
0.6053465856026938
0.6164226541621517
0.6275040281978409
0.6385556414693911
0.6495397562699669
0.6604161252777673
0.6711422219023326
0.6816735437646285
0.6919639921722909
0.7019663281950993
0.7116327032422033
0.7209152589615595
0.7297667879380384
0.7381414432158967
0.7459954813099315
0.7532880203205604
0.7599817922689475
0.7660438670484419
0.7714463246500806
0.7761668527105893
0.7801892480284242
0.7835038034848072
0.7861075656871174
0.7880044534234765
0.7892052324048023
0.7897273474424814
0.7895946188091658
0.7888368147064986
0.7874891162046008
0.7855914944779325
0.7831880224785968
0.7803261442942023
0.7770559253577067
0.7734293055194607
0.7694993749290585
0.7653196899224578
0.7609436429033979
0.7564238967811914
0.7518118910931658
0.7471574236802238
0.7425083088378727
0.7379101103287967
0.7334059455703015
0.729036355717294
0.7248392352339499
0.7208498138475878
0.7171006834527945
0.7136218625210593
0.7104408908060748
0.7075829475551277
0.7050709869845487
0.702925885402003
0.7011665950176941
0.69981030014687
0.6988725721411752
0.6983675199779146
0.6983079339718937
0.6987054205470793
0.6995705264119904
0.7009128508239092
0.7027411449053821
0.7050633971964885
0.7078869047935256
0.7112183295451211
0.7150637388571299
0.7194286307042667
0.7243179424663891
0.7297360432068514
0.7356867089965032
0.7421730808659998
0.7491976049483057
0.7567619543593552
0.7648669323655387
0.7735123564098257
0.7826969226222248
0.7924180505347286
0.8026717078647666
0.8134522154360296
0.8247520325812995
0.8365615237304692
0.8488687073388345
0.861658988866016
0.8749148801834822
0.8886157085738743
0.9027373193902748
0.9172517774648714
0.9321270734823554
0.9473268427444964
0.9628101050164205
0.9785310354180234
0.994438777545681
1.0104773111054293
1.0265853872181103
1.0426965451148302
1.0587392240623894
1.0746369839220054
1.0903088466327757
1.1056697690193718
1.1206312545716388
1.1351021081932904
1.148989333382226
1.1621991659686823
1.1746382325589213
1.1862148154535104
1.1968401993502142
1.2064300689900496
1.2149059214916307
1.2221964528881595
1.228238875750436
1.2329801240954452
1.2363779032799018
1.2384015463492803
1.239032644274241
1.238265425397653
1.2361068688130181
1.23257654674083
1.227706201619151
1.2215390739073715
1.2141290058789405
1.2055393544039226
1.1958417514856554
1.1851147548759016
1.1734424323847887
1.160912922630512
1.1476170121881457
1.1336467647544972
1.1190942324695718
1.1040502733708248
1.0886034925339938
1.0728393181567608
1.0568392179844728
1.0406800562953535
1.0244335873105836
1.008166077448131
0.9919380463090463
0.9758041146270896
0.9598129465442081
0.9440072733874448
0.9284239864948013
0.913094287443332
0.8980438851499869
0.8832932306317717
0.8688577816250254
0.8547482906863708
0.8409711117550259
0.8275285213865371
0.8144190519219192
0.801637834696079
0.7891769519891372
0.7770257967687977
0.7651714393584749
0.753599000004113
0.7422920259255913
0.7312328708632867
0.7204030744170704
0.7097837376866428
0.6993558909311427
0.6891008482504383
0.679000543729349
0.6690378431515006
0.659196825341413
0.6494630274722027
0.639823649297209
0.6302677122147301
0.6207861703147405
0.6113719720174764
0.6020200725084345
0.5927273988013523
0.5834927708158358
0.5743167832411392
0.5652016540892606
0.5561510466580479
0.5471698720942544
0.5382640798609993
0.5294404431937431
0.5207063461152982
0.5120695778317106
0.5035381394141755
0.49512006665757813
0.4868232719605092
0.4786554070533732
0.47062374745826546
0.46273509873165225
0.45499572384053866
0.4474112904653304
0.43998683660769694
0.43272675260162446
0.4256347774668851
0.4187140074887051
0.4119669149369864
0.40539537493358163
0.3990006986191403
0.3927836709456772
0.38674459161347213
0.3808833178698421
0.37519930808394264
0.36969166519921776
0.3643591793391719
0.35920036899957947
0.35421352039979165
0.3493967246870204
0.3447479127906867
0.3402648878102048
0.3359453548902683
0.3317869485942864
0.327787257830912
0.32394384842206114
0.32025428342524603
0.3167161413396859
0.31332703233606357
0.31008461265501863
0.3069865973205689
0.3040307713126355
0.3012149993382705
0.29853723433487517
0.29599552483105807
0.2935880212822415
0.29131298148905466
0.2891687751971537
0.28715388796764
0.28526692439775186
0.28350661076220174
0.28187179713635896
0.2803614590535351
0.27897469873992375
0.27771074596222384
0.2765689585146335
0.2755488223637044
0.27464995146143495
0.2738720872288792
0.2732150977044371
0.2726789763427678
0.2722638404418709
0.27196992916726714
0.2717976011332619
0.2717473314919916
0.271819708471203
0.27201542929153055
0.27233529538324547
0.2727802068111806
0.2733511558046184
0.27404921927645615
0.27487555020293686
0.2758313677217055
0.2769179457920325
0.278136600246843
0.2794886740519887
0.2809755205741396
0.2825984846452416
0.2843588811990119
0.2862579712440384
0.28829693492940583
0.290476841453138
0.2927986155621647
0.2952630003961874
0.2978705164379255
0.3006214163506006
0.3035156355116678
0.30655273809196715
0.3097318585837651
0.3130516387520214
0.3165101600733327
0.32010487183896635
0.3238325152349449
0.32768904387587705
0.33166954146222966
0.3357681374546861
0.3399779219147445
0.34429086094694245
0.34869771449244563
0.35318795856102625
0.3577497143404386
0.36236968697679867
0.3670331171606807
0.37172374896016375
0.37642381758844623
0.38111406094986294
0.38577375884051285
0.3903808035530257
0.3949118053140599
0.39934223543678216
0.40364660927493484
0.4077987100078646
0.4117718529714524
0.4155391887021846
0.4190740411280974
0.42235027549291265
0.42534268873318065
0.4280274132574005
0.43038232352812716
0.43238743365288257
0.43402527346914016
0.4352812304621169
0.43614384534805656
0.43660505031188684
0.4366603406782367
0.43630887313866823
0.4355534864274572
0.4344006433677814
0.43286029631021394
0.4309456809603001
0.42867304625769104
0.4260613301699605
0.4231317928852229
0.4199076198636744
0.41641350752560974
0.41267524404743644
0.40871929688373415
0.4045724173387171
0.4002612708983169
0.3958121002333345
0.3912504259177741
0.38660078808281373
0.3818865305337047
0.3771296273585665
0.3723505507951184
0.3675681781122962
0.36279973450835046
0.3580607685103315
0.3533651560565764
0.34872512932255645
0.3441513263768818
0.33965285789480393
0.33523738737988995
0.3309112216231056
0.32667940843964965
0.3225458390492401
0.31851335279154513
0.3145838421853165
0.31075835664087514
0.30703720341692814
0.3034200446719841
0.29990598969680976
0.29649368162742173
0.29318137812818246
0.2899670257026334
0.2868483274365838
0.2838228041049872
0.2808878486827643
0.2780407743914683
0.2752788564902491
0.27259936808263635
0.26999961026176256
0.26747693695719005
0.2650287748776432
0.26265263896656377
0.2603461438021948
0.25810701138129016
0.25593307572594326
0.253822284746734
0.2517726997828425
0.24978249322136872
0.24784994457460283
0.2459734353660384
0.24415144314451465
0.24238253491203268
0.24066536021543627
0.23899864411646457
0.2373811802194866
0.23581182390251362
0.23428948586537582
0.2328131260800427
0.2313817482020654
0.22999439447949765
0.2286501411763059
0.22734809451124238
0.22608738710024837
0.22486717488046284
0.2236866344864862
0.22254496104448962
0.22144136634661624
0.22037507736661466
0.21934533507754472
0.2183513935332361
0.21739251917691915
0.21646799034266984
0.2155770969179945
0.21471914013867996
0.21389343249006088
0.21309929769173697
0.21233607074566793
0.21160309803028307
0.21089973742577595
0.21022535845808044
0.20957934245115792
0.20896108267910932
0.20836998451128116
0.2078054655450676
0.20726695572229928
0.20675389742627562
0.2062657455573841
0.2058019675860363
0.20536204358229218
0.2049454662220825
0.2045517407703373
0.2041803850416871
0.20383092933964478
0.2035029163753759
0.20319590116728092
0.20290945092274978
0.20264314490344396
0.20239657427552601
0.20216934194624173
0.20196106238821712
0.2017713614528327
0.20159987617395023
0.20144625456324206
0.20131015539827457
0.2011912480044582
0.20108921203190008
0.20100373722811007
0.20093452320745978
0.20088127921821677
0.20084372390790609
0.200821585087694
0.2008145994964268
0.20082251256488723
0.2008450781807941
0.2008820584550016
0.20093322348931308
0.2009983511462831
0.20107722682131776
0.20116964321737105
0.2012754001224808
0.2013943041903441
0.2015261687241278
0.2016708134636426
0.20182806437602596
0.2019977534500054
0.20217971849382532
0.20237380293688825
0.20257985563512892
0.20279773068014292
0.20302728721205987
0.20326838923613566
0.20352090544302615
0.20378470903270685
0.20405967754195797
0.20434569267536104
0.20464264013971356
0.20495040948178325
0.20526889392929484
0.20559799023506076
0.20593759852413154
0.20628762214386712
0.20664796751680925
0.2070185439962301
0.20739926372424533
0.20779004149236982
0.20819079460438503
0.20860144274140982
0.20902190782904295
0.20945211390647303
0.20989198699742906
0.21034145498286475
0.21080044747527438
0.21126889569453167
0.21174673234515884
0.21223389149493702
0.21273030845476826
0.21323591965972696
0.21375066255121325
0.21427447546017286
0.21480729749131
0.21534906840827173
0.21589972851976183
0.21645921856656622
0.21702747960948773
0.2176044529181782
0.21819007986089112
0.2187843017951742
0.21938705995953942
0.21999829536615656
0.22061794869461926
0.2212459601868769
0.22188226954338766
0.22252681582059416
0.22317953732983573
0.22384037153778782
0.2245092549685758
0.2251861231076789
0.22587091030776785
0.22656354969663758
0.22726397308737845
