0.08225063701696099
0.08299399962695465
0.0837501120025999
0.08451927987855784
0.08530181816554057
0.08609805127505138
0.08690831345715004
0.08773294915180618
0.0885723133544458
0.0894267719963122
0.09029670234029756
0.09118249339293172
0.0920845463332373
0.09300327495921211
0.09393910615271077
0.09489248036355213
0.09586385211370703
0.09685369052246436
0.09786247985350965
0.09889072008489681
0.09993892750293733
0.10100763532107378
0.10209739432485482
0.10320877354418066
0.10434236095403003
0.10549876420494426
0.10667861138459149
0.10788255181178967
0.10911125686443113
0.11036542084280276
0.11164576186986752
0.11295302283012672
0.11428797234874606
0.11565140581270272
0.11704414643576799
0.11846704636920487
0.1199209878601362
0.1214068844595921
0.12292568228232266
0.12447836132052019
0.12606593681365164
0.12768946067667467
0.12935002298896023
0.13104875354628368
0.13278682347831258
0.13456544693404662
0.13638588283768271
0.1382494367174197
0.1401574626096973
0.1421113650413787
0.14411260109232019
0.14616268254076728
0.14826317809389714
0.15041571570574716
0.15262198498462534
0.15488373969190253
0.1572028003338882
0.15958105684818127
0.1620204713855751
0.16452308118816691
0.1670910015638399
0.16972642895668769
0.1724316441123109
0.17520901533602362
0.17806100184115872
0.18099015718348407
0.18399913277651767
0.18709068148101612
0.19026766126024064
0.1935330388906159
0.19688989371517904
0.2003414214245949
0.20389093784763368
0.2075418827295752
0.21129782347323958
0.2151624588129566
0.21913962238687335
0.22323328616739582
0.2274475637032863
0.23178671311971943
0.2362551398146867
0.24085739878100612
0.24559819647312184
0.2504823921264998
0.25551499842476444
0.26070118139554727
0.26604625940035637
0.2715557010662634
0.27723512198799677
0.2830902800077327
0.2891270688565863
0.2953515099162673
0.30176974183163746
0.3083880076748186
0.3152126393292056
0.3222500387271212
0.3295066555383136
0.33698896086799796
0.34470341648337177
0.35265643904683747
0.3608543587933842
0.36930337204972546
0.37800948695522746
0.38697846171081113
0.39621573465439064
0.40572634544201475
0.4155148466063312
0.4255852047716064
0.43594069083194437
0.4465837584513479
0.45751591032718597
0.46873755177821924
0.4802478313827761
0.4920444686088492
0.5041235686546308
0.5164794250631005
0.5291043110956055
0.5419882613540703
0.5551188457341601
0.5684809384752278
0.582056485845609
0.5958242768573159
0.6097597223288834
0.6238346485884233
0.6380171130984436
0.6522712502493165
0.6665571564537608
0.680830824415653
0.695044136965023
0.7091449310606777
0.7230771423711838
0.736781040161209
0.7501935609500308
0.7632487475039081
0.7758782971338355
0.788012219993025
0.7995796041506766
0.8105094797650785
0.8207317698559393
0.8301783102122026
0.8387839161504616
0.8464874694837475
0.8532329955120591
0.8589706974338923
0.8636579145892457
0.8672599715882643
0.8697508877606017
0.8711139204554681
0.8713419213727301
0.8704374920213972
0.8684129321822697
0.8652899834174773
0.8610993777066854
0.8558802086954073
0.8496791493700225
0.8425495448779147
0.8345504124632571
0.8257453819989329
0.8162016104051397
0.8059887015155683
0.7951776599344065
0.7838399034344606
0.772046353816962
0.7598666212233551
0.7473682919632929
0.734616325259486
0.721672560106421
0.7085953298322556
0.6954391790156252
0.6822546751632984
0.6690883059778553
0.655982452081271
0.6429754246335434
0.6301015573058504
0.6173913424425409
0.6048716018859014
0.5925656837597574
0.5804936774405474
0.568672639928129
0.557116827814418
0.5458379300004227
0.5348452972045555
0.5241461651206963
0.5137458688130931
0.5036480465735816
0.4938548320148961
0.4843670336362149
0.4751843014797073
0.4663052808067634
0.4577277529682328
0.44944876383250154
0.4414647402762604
0.43377159534352705
0.4263648227451043
0.4192395814098198
0.41239077081591563
0.40581309783049485
0.39950113577110646
0.39344937637975447
0.3876522753685754
0.3821042921605436
0.37679992440971083
0.37173373784488256
0.3669003919399789
0.3622946618737819
0.3579114572026328
0.3537458376319913
0.34979302623705527
0.34604842044907286
0.3425076010926127
0.33916633972996785
0.33602060454203436
0.3330665649503132
0.33030059516206767
0.3277192768000839
0.32531940075964466
0.3230979684182374
0.32105219230798915
0.31917949634668435
0.31747751571040467
0.3159440964190836
0.3145772946956203
0.3133753761493498
0.31233681482563164
0.31146029215490145
0.3107446958266187
0.31018911860611204
0.3097928571051151
0.30955541050986646
0.30947647926378025
0.3095559636948411
0.3097939625709552
0.3101907715593571
0.31074688155873326
0.3114629768649309
0.312339933122796
0.3133788150078021
0.31458087357150677
0.3159475431744861
0.31748043791905833
0.31918134748178933
0.32105223223230706
0.32309521751027576
0.3253125869163845
0.3277067744558633
0.3302803553541462
0.3330360353440311
0.3359766382018079
0.3391050912865361
0.3424244088119592
0.3459376725545966
0.3496480096746563
0.35355856729882246
0.35767248348628433
0.36199285417211774
0.3665226956562518
0.3712649021827279
0.37622219813427965
0.38139708435281044
0.38679177808960286
0.3924081460918645
0.39824763034806004
0.40431116604614575
0.4105990913505147
0.41711104867947446
0.42384587727000983
0.43080149695605324
0.43797478326548306
0.4453614341656403
0.45295582906231174
0.460750880987942
0.46873788330489846
0.47690635270105347
0.48524387076739095
0.4937359270171557
0.5023657668251169
0.5111142484206823
0.5199597137400173
0.5288778786031193
0.5378417482968709
0.5468215651715224
0.5557847952444895
0.5646961609947362
0.5735177274608133
0.5822090483638601
0.5907273782041608
0.5990279550778956
0.6070643572975125
0.6147889347676371
0.6221533134930234
0.629108968638545
0.6356078583280199
0.6416031070056986
0.6470497238770246
0.6519053389086575
0.6561309363320854
0.6596915637875508
0.6625569943672857
0.664702319023987
0.6661084481880258
0.6667625039881533
0.6666580881057765
0.6657954148329553
0.664181304090381
0.6618290346773671
0.6587580635242405
0.6549936218538693
0.6505662036207577
0.6455109651321097
0.6398670571940355
0.6336769123876901
0.626985510175876
0.6198396415642564
0.6122871931529472
0.604376467819411
0.5961555562003835
0.5876717698187087
0.5789711433431294
0.5700980102569577
0.5610946532883778
0.5520010284209467
0.5428545592165276
0.5336899965654814
0.5245393378205363
0.515431798537646
0.5063938296892306
0.49744917317320336
0.4886189486521644
0.4799217651596848
0.47137385144749117
0.462989199668529
0.45477971765379227
0.44675538571145107
0.438924414528796
0.43129340137197064
0.42386748234239063
0.4166504789549614
0.40964503774801614
0.40285276201846504
0.39627433510016113
0.38990963487279257
0.38375783940751224
0.37781752382969974
0.3720867486138804
0.3665631396267434
0.36124396030631
0.35612617641343336
0.3512065138204746
0.34648150981447307
0.34194755839233754
0.33760095001581863
0.3334379062769847
0.32945460990242376
0.32564723049819105
0.3220119464088166
0.31854496303361346
0.3152425279129492
0.31210094286664175
0.30911657343675886
0.30628585585835233
0.30360530175409645
0.30107150072296457
0.29868112096897986
0.2964309080939657
0.29431768215830634
0.29233833309615265
0.2904898145565415
0.2887691362297468
0.2871733547091865
0.2856995629336934
0.28434487825334026
0.28310642916472367
0.28198134076918185
0.28096671902038023
0.2800596338465484
0.27925710125799424
0.27855606458273274
0.27795337501257716
0.27744577168891826
0.27702986161162035
0.276702099715461
0.2764587695253427
0.27629596487256286
0.2762095732274346
0.2761952612753667
0.2762484634301445
0.2763643740347044
0.2765379440403048
0.27676388297323223
0.27703666698701673
0.277350553750586
0.2776996048322609
0.2780777161007438
0.27847865647372355
0.27889611510196266
0.2793237567847123
0.27975528507831143
0.2801845121960168
0.28060543442010866
0.28101231137828425
0.28139974719945354
0.2817627712851228
0.2820969162369118
0.2823982903907074
0.28266364244027553
0.2828904157969512
0.2830767906268057
0.28322171192175205
0.28332490247557285
0.2833868602203587
0.28340883999750677
0.28339282045136166
0.2833414573042584
0.2832580247646519
0.2831463472075762
0.28301072353043283
0.28285584671885594
0.28268672115908205
0.28250858011599744
0.2823268055782156
0.28214685237638476
0.2819741781341452
0.2818141802383006
0.28167214063949986
0.2815531789370776
0.2814622138773691
0.2814039331146429
0.2813827708540835
0.2814028928190414
0.2814681878587743
0.28158226543413106
0.2817484581814467
0.281969828752567
0.2822491801544145
0.28258906885793844
0.28299182000735007
0.2834595441306697
0.28399415482707824
0.28459738698170545
0.2852708151313114
0.28601587167285025
0.28683386466970484
0.28772599506665514
0.28869337317405624
0.28973703432428155
0.29085795363944617
0.29205705987927705
0.2933352483622493
0.2946933929723663
0.2961323572788837
0.2976530048074353
0.29925620850900453
0.30094285947852856
0.30271387497808894
0.30457020582106614
0.30651284317364824
0.3085428248290337
0.31066124100780584
0.3128692397354289
0.315168031844951
0.317558895649742
0.3200431813277176
0.3226223150550073
0.3252978029234732
0.32807123467295757
0.3309442872656319
0.3339187283263594
0.33699641946955966
0.34017931952971897
0.343469487709313
0.34686908665463534
0.3503803854666508
0.35400576265067046
0.35774770900518305
0.36160883044671865
0.36559185076391915
0.3696996142902664
0.37393508848087437
0.37830136637459005
0.3828016689181573
0.387439347124461
0.39221788403179775
0.3971408964257242
0.4022121362792708
0.40743549186121203
0.41281498845560094
0.41835478862898595
0.424059191974623
0.4299326342556733
0.43597968586189445
0.4422050494868653
0.4486135569254473
0.45521016488427685
0.4619999496917897
0.4689881007890972
0.4761799128792625
0.4835807766108067
0.4911961676722442
0.499031634178754
0.5070927822407946
0.5153852596184296
0.5239147373854771
0.5326868895556603
0.541707370659938
0.5509817913114256
0.5605156918533504
0.5703145142572206
0.5803835725241412
0.5907280219424776
0.6013528276700291
0.6122627332379892
0.6234622297155558
0.6349555264254306
0.6467465242572539
0.6588387927820986
0.671235552518766
0.6839396638312728
0.6969536240349449
0.7102795743413018
0.7239193182645983
0.7378743530288308
0.7521459153375888
0.7667350425864169
0.7816426501973082
0.7968696252324784
0.8124169358013472
0.8282857550211271
0.8444775974490248
0.8609944650041159
0.8778389984819626
0.8950146298864029
0.9125257300172634
0.9303777451195728
0.9485773159745698
0.9671323726421451
0.9860521981808515
1.0053474550884514
1.0250301689145835
1.045113664466198
1.0656124512033527
1.0865420557391456
1.1079188007330216
1.129759530820204
1.1520812874750552
1.174900935800389
1.1982347471250623
1.2220979419590818
1.2465041983046101
1.2714651305812195
1.2969897445438934
1.3230838736160948
1.349749602099483
1.3769846808307704
1.4047819411029685
1.433128713111537
1.4620062558686608
1.4913892064734722
1.5212450578341723
1.55153367538431
1.5822068649693686
1.6132080058215987
1.6444717642838766
1.6759239055520483
1.7074812220189817
1.7390515976417493
1.7705342279185343
1.801820014354574
1.8327921505242148
1.863326913833627
1.8932946727364477
1.9225611134010503
1.950988682712282
1.9784382361609272
2.004770869903149
2.029849906460169
2.0535429936967806
2.0757242674855134
2.09627652051159
2.115093313691197
2.132080963296201
2.14716033661504
2.1602683921581556
2.1713594071248004
2.1804058449032313
2.1873988283192687
2.192348199469928
2.1952821633725477
2.196246529301504
2.1953035795230025
2.19253060919333
2.188018192634014
2.1818682394411604
2.1741919085952213
2.165107449859776
2.154738039502316
2.143209672164066
2.1306491631376225
2.117182306061239
2.102932220815244
2.0880179158844574
2.072553079227957
2.056645102260211
2.0403943332553336
2.0238935495695918
2.0072276326452094
1.9904734258163674
1.973699752406229
1.9569675703421112
1.9403302393439026
1.9238338774590158
1.9075177851216114
1.8914149168103063
1.8755523825898157
1.859951964195492
1.8446306327282027
1.829601057370483
1.8148720967392162
1.8004492665033147
1.7863351786862776
1.772529949628004
1.7590315748965775
1.745836270527507
1.7329387808404266
1.7203326537621517
1.7080104850923206
1.6959641335078715
1.6841849083377571
1.6726637322721778
1.6613912812208882
1.6503581035208548
1.6395547206306886
1.62897171135052
1.618599781483324
1.6084298207155001
1.598452948348509
1.588660549365153
1.5790443021678755
1.569596199185505
1.5603085614113905
1.5511740478112375
1.5421856604240594
1.5333367458747074
1.524620993921747
1.5160324335792035
1.5075654272751002
1.499214663442551
1.4909751478802569
1.4828421941676921
1.4748114133753358
1.4668787032714359
1.4590402371933529
1.4512924527226616
1.4436320402786897
1.4360559317242607
1.428561289059634
1.4211454932657694
1.4138061333453813
1.4065409955998494
1.399348053171197
1.3922254558711726
1.3851715203134416
1.3781847203599877
1.3712636778888456
1.3644071538869758
1.3576140398695375
1.3508833496246753
1.344214211281271
1.3376058596958378
1.3310576291536818
1.3245689463786956
1.3181393238455439
1.3117683533875935
1.3054557000935878
1.2992010964858816
1.2930043369728959
1.2868652725683694
1.280783805869941
1.2747598862896148
1.2687935055286352
1.262884693289412
1.2570335132170898
1.2512400590635215
1.2455044510664048
1.2398268325364368
1.2342073666454378
1.2286462334084478
1.2231436268529041
1.2176997523680935
1.2123148242281259
1.2069890632818443
1.201722694803085
1.196515946494863
1.191369046641133
1.1862822223998826
1.1812556982314097
1.1762896944557653
1.1713844259334285
1.1665401008634224
1.1617569196931878
1.1570350741346511
1.152374746281062
1.1477761078192978
1.1432393193324666
1.1387645296877966
1.1343518755049065
1.1300014806997165
1.1257134560994122
1.1214878991239943
1.1173248935301068
1.1132245092130095
1.1091868020626516
1.1052118138700202
1.1012995722800432
1.0974500907874825
1.0936633687724164
1.0899393915720346
1.0862781305856501
1.0826795434099177
1.0791435740014668
1.0756701528642099
1.0722591972588142
1.068910611431871
1.0656242868624946
1.062400102524176
1.0592379251598443
1.0561376095682231
1.0530989988996617
1.0501219249597626
1.0472062085192162
1.0443516596283564
1.0415580779350793
1.038825253004819
1.0361529646414198
1.0335409832078026
1.0309890699453943
1.028496977291428
1.0260644491932382
1.0236912214187788
1.021377021862677
1.0191215708471622
1.0169245814173131
1.0147857596301106
1.0127048048368301
1.0106814099583812
1.0087152617532384
1.006806041077671
1.004953423137996
1.003157077734658
1.001416669497939
0.9997318581151832
