0.007923684513044458
0.007944933386302888
0.007966283526775792
0.00798773564680576
0.00800929046542808
0.008030948708449817
0.008052711108530104
0.008074578405261532
0.008096551345252742
0.008118630682212183
0.008140817177033093
0.008163111597879724
0.008185514720274784
0.008208027327188205
0.00823065020912713
0.008253384164227315
0.008276229998345779
0.008299188525154898
0.00832226056623781
0.008345446951185297
0.008368748517694051
0.00839216611166646
0.008415700587311803
0.008439352807249039
0.008463123642611089
0.008487013973150674
0.008511024687347784
0.008535156682518752
0.008559410864926986
0.008583788149895362
0.008608289461920342
0.008632915734787859
0.008657667911690927
0.008682546945349088
0.0087075537981297
0.008732689442171059
0.008757954859507484
0.008783351042196293
0.00880887899244677
0.008834539722751158
0.008860334256017675
0.008886263625705656
0.00891232887596276
0.008938531061764407
0.008964871249055362
0.008991350514893621
0.00901796994759654
0.0090447306468893
0.009071633724055781
0.009098680302091822
0.009125871515860959
0.009153208512252658
0.009180692450343158
0.009208324501558843
0.009236105849842358
0.00926403769182137
0.009292121236980115
0.009320357707833786
0.009348748340105724
0.00937729438290762
0.009405997098922623
0.009434857764591546
0.009463877670302117
0.009493058120581451
0.00952240043429173
0.009551905944829088
0.009581576000326017
0.009611411963857008
0.009641415213647808
0.00967158714328821
0.009701929161948399
0.0097324426945991
0.009763129182235444
0.009793990082104704
0.00982502686793795
0.009856241030185746
0.009887634076257907
0.009919207530767441
0.009950962935778788
0.009982901851060365
0.010015025854341567
0.010047336541574333
0.010079835527199307
0.010112524444416732
0.010145404945462157
0.01017847870188712
0.010211747404844816
0.010245212765380885
0.01027887651472951
0.010312740404614837
0.01034680620755784
0.010381075717188834
0.010415550748565669
0.010450233138497746
0.010485124745876017
0.010520227452009064
0.010555543160965422
0.010591073799922206
0.010626821319520308
0.010662787694226182
0.010698974922700473
0.010735385028173507
0.010772020058827957
0.010808882088188719
0.010845973215520216
0.01088329556623128
0.010920851292287792
0.010958642572633237
0.010996671613617419
0.011034940649433396
0.011073451942562975
0.011112207784230827
0.011151210494867525
0.011190462424581651
0.011229965953641188
0.011269723492964472
0.01130973748462081
0.011350010402341133
0.011390544752038802
0.011431343072340892
0.011472407935130116
0.011513741946097757
0.011555347745307741
0.011597228007772254
0.011639385444039025
0.01168182280079075
0.011724542861456735
0.011767548446837243
0.011810842415740768
0.011854427665634512
0.01189830713330852
0.01194248379555367
0.01198696066985396
0.012031740815093402
0.01207682733227789
0.012122223365272465
0.012167932101554276
0.012213956772981751
0.012260300656580252
0.012306967075344781
0.012353959399060055
0.012401281045138457
0.012448935479476323
0.012496926217328995
0.012545256824205242
0.01259393091678135
0.012642952163835647
0.012692324287203792
0.012742051062755532
0.012792136321393352
0.012842583950073748
0.012893397892851618
0.012944582151948464
0.012996140788844965
0.013048077925398726
0.013100397744987719
0.013153104493680226
0.013206202481432
0.013259696083311373
0.013313589740753048
0.013367887962841529
0.01342259532762477
0.013477716483459136
0.013533256150386391
0.01358921912154371
0.01364561026460761
0.0137024345232728
0.013759696918766893
0.013817402551402133
0.01387555660216505
0.013934164334345302
0.013993231095204723
0.014052762317687829
0.014112763522174993
0.014173240318279559
0.014234198406690142
0.014295643581059544
0.01435758172994169
0.014420018838777924
0.014482960991934302
0.014546414374791332
0.014610385275887783
0.014674880089120336
0.014739905316000626
0.014805467567971556
0.014871573568784774
0.014938230156941111
0.015005444288196076
0.015073223038132412
0.015141573604801848
0.015210503311438237
0.015280019609244492
0.015350130080255505
0.015420842440279728
0.01549216454192181
0.015564104377689023
0.015636670083184284
0.015709869940388515
0.01578371238103542
0.015858205990081815
0.015933359509276438
0.016009181840831093
0.01608568205119698
0.016162869374950296
0.016240753218790687
0.016319343165656357
0.016398648978959995
0.016478680606949774
0.016559448187199687
0.016640962051233787
0.016723232729289314
0.016806270955223305
0.01689008767156809
0.016974694034740966
0.017060101420413656
0.017146321429047286
0.017233365891599104
0.01732124687540718
0.017409976690259604
0.017499567894655368
0.017590033302263667
0.017681385988589506
0.01777363929785326
0.017866806850092298
0.017960902548493377
0.018055940586964553
0.0181519354579559
0.01824890196053894
0.01834685520875478
0.01844581064024158
0.01854578402515257
0.018646791475376137
0.018748849454070234
0.01885197478552367
0.018956184665357836
0.019061496671082662
0.019167928773021325
0.01927549934561934
0.019384227179153706
0.019494131491859152
0.019605231942489063
0.01971754864332954
0.019831102173685985
0.019945913593862736
0.02006200445965683
0.020179396837388616
0.02029811331949269
0.0204181770406938
0.020539611694794027
0.020662441552098273
0.020786691477507134
0.02091238694930722
0.021039554078690983
0.02116821963003919
0.02129841104200192
0.021430156449414806
0.021563484706089788
0.021698425408521845
0.02183500892055502
0.021973266399053754
0.022113229820627925
0.022254932009462564
0.022398406666306565
0.02254368839867672
0.022690812752337797
0.022839816244122003
0.022990736396155037
0.023143611771559613
0.023298482011711946
0.02345538787513038
0.02361437127808037
0.02377547533698507
0.02393874441273557
0.02410422415700099
0.02427196156064428
0.02444200500435582
0.02461440431162433
0.0247892108041709
0.024966477359980643
0.025146258474073858
0.02532861032216817
0.02551359082739176
0.025701259730218428
0.025891678661805476
0.02608491122092726
0.026281023054708894
0.026480081943378253
0.026682157889267935
0.026887323210313546
0.027095652638311415
0.02730722342221455
0.02752211543676476
0.027740411296777876
0.027962196477419654
0.028187559440831678
0.02841659176949074
0.02864938830670991
0.028886047304715723
0.029126670580765707
0.029371363681799142
0.02962023605814761
0.029873401246865213
0.030130977065275122
0.030393085815367482
0.030659854499724495
0.030931415049691435
0.031207904566557716
0.03148946557655982
0.03177624630056758
0.03206840093936727
0.03236608997550954
0.03266948049274506
0.032978746514128965
0.03329406935993296
0.03361563802656314
0.03394364958773934
0.034278309619250234
0.03461983264865197
0.0349684426313299
0.03532437345438718
0.0356878694698609
0.03605918605879139
0.036438590227680846
0.03682636123886885
0.03722279127631786
0.03762818614823764
0.038042866027873164
0.038467166233627864
0.038901438049481554
0.03934604958637448
0.03980138668485434
0.04026785385879451
0.040745875279375135
0.041235895797740806
0.04173838200377999
0.0422538233172784
0.04278273310623478
0.043325649825348644
0.04388313816554231
0.04445579020279924
0.045044226531531235
0.04564909736404674
0.04627108357342368
0.04691089765210791
0.0475692845528104
0.048247022371700275
0.04894492282646965
0.049663831473576
0.05040462759992509
0.05116822371457421
0.051955564555961176
0.05276762552009039
0.05360541040558892
0.054469948363373266
0.05536228993287323
0.05628350204467453
0.05723466187268652
0.05821684942942599
0.05923113881784851
0.06027858808454898
0.06136022766413691
0.06247704746473435
0.06362998272049775
0.06481989882804971
0.06604757548694816
0.06731369057457655
0.0686188042950684
0.06996334423932976
0.07134759206600906
0.07277167254759616
0.07423554570890369
0.07573900270752242
0.07728166596377782
0.0788629938453784
0.08048228996228929
0.08213871685153706
0.08383131355675137
0.08555901636246577
0.08732068175526049
0.08911511057251371
0.09094107227452176
0.0927973283353221
0.09468265387948709
0.09659585687650185
0.09853579441720357
0.1005013858143416
0.10249162247118793
0.10450557463338013
0.10654239527122471
0.10860132142991948
0.1106816734357358
0.11278285236264185
0.11490433615334379
0.11704567475896198
0.11920648461968408
0.12138644276084058
0.12358528072965135
0.12580277855081515
0.12803875883628987
0.13029308114728555
0.13256563667504875
0.1348563432813881
0.13716514091963927
0.13949198744126698
0.14183685478186833
0.14419972551225627
0.14658058973494173
0.14897944230308344
0.15139628033736194
0.15383110101583086
0.15628389961225972
0.15875466775956407
0.1612433919163689
0.16375005201646647
0.1662746202827336
0.1688170601889253
0.17137732555458518
0.17395535976004803
0.17655109507017455
0.1791644520569978
0.18179533911287926
0.184443652047094
0.18710927375994243
0.18979207398958145
0.1924919091277331
0.19520862210131984
0.1979420423178518
0.20069198567310018
0.20345825462019926
0.20624063829986458
0.20903891273185782
0.2118528410682119
0.21468217390900124
0.21752664968164015
0.22038599508475495
0.2232599255976412
0.2261481460561119
0.2290503512951759
0.23196622685841461
0.2348954497731007
0.2378376893889953
0.24079260827731405
0.24375986318450124
0.24673910603316015
0.24972998495967477
0.25273214537468935
0.25574523102863955
0.2587688850599577
0.26180275099839934
0.264846473690282
0.26789970010642306
0.27096207998748406
0.2740332662756752
0.2771129152768759
0.2802006864938888
0.28329624207063975
0.28639924578963544
0.2895093615719601
0.29262625144153115
0.2957495729340284
0.2988789759562318
0.30201409913317406
0.30515456571735816
0.30829997917412766
0.3114499185968485
0.3146039341406962
0.31776154268993534
0.32092222398609566
0.32408541743982394
0.32725051982554365
0.33041688401582725
0.3335838188545927
0.3367505902002265
0.33991642309850595
0.3430805049782453
0.34624198970680925
0.34940000230314155
0.3525536440854342
0.35570199802912783
0.3588441341263158
0.3619791145659497
0.36510599859077253
0.36822384692688503
0.3713317257211692
0.37442870995727406
0.377513886350563
0.38058635574536687
0.3836452350540755
0.3866896587875947
0.38971878023147283
0.39273177232266926
0.39572782827961533
0.3987061620339077
0.40166600850651096
0.40460662376539674
0.40752728509557934
0.41042729100685355
0.4133059611993907
0.41616263650283775
0.41899667880066543
0.4218074709482775
0.42459441669073456
0.4273569405838051
0.4300944879203974
0.43280652466313646
0.435492537382897
0.43815203320241686
0.44078453974364407
0.4433896050771659
0.4459667976719001
0.44851570634317367
0.4510359401973076
0.45352712857091476
0.4559889209632109
0.4584209869597868
0.46082301614643084
0.4631947180117719
0.4655358218376559
0.4678460765763643
0.4701252507139164
0.47237313211887866
0.47458952787623726
0.4767742641060386
0.4789271857666321
0.4810481564424673
0.48313705811651825
0.4851937909274991
0.48721827291213976
0.48921043973286243
0.4911702443912877
0.49309765692805496
0.49499266410950765
0.49685526910184236
0.4986854911333684
0.5004833651455575
0.502248941433599
0.5039822852772001
0.5056834765623909
0.5073526093951087
0.508989791707349
0.5105951448566695
0.5121688032198464
0.5137109137814696
0.5152216357182652
0.5167011399799196
0.5181496088671756
0.5195672356079477
0.5209542239321936
0.5223107876462626
0.5236371502074094
0.524933544299155
0.5262002114081423
0.5274374014031128
0.5286453721166045
0.5298243889299445
0.5309747243620851
0.5320966576627953
0.5331904744107042
0.5342564661166537
0.5352949298327929
0.5363061677678198
0.5372904869087428
0.5382481986495111
0.5391796184268302
0.5400850653634537
0.5409648619192176
0.5418193335500509
0.5426488083751724
0.543453616852665
0.5442340914635829
0.5449905664047295
0.5457233772902236
0.5464328608619419
0.5471193547089112
0.5477831969956982
0.5484247261998298
0.5490442808582552
0.5496421993228428
0.5502188195248936
0.5507744787486286
0.5513095134136005
0.5518242588659618
0.5523190491785087
0.5527942169594121
0.5532500931695267
0.5536870069481706
0.5541052854472475
0.5545052536735824
0.5548872343393287
0.5552515477203016
0.5555985115220796
0.5559284407537215
0.556241647608926
0.5565384413544731
0.5568191282257653
0.5570840113293011
0.5573333905518955
0.5575675624764688
0.5577868203042229
0.5579914537830165
0.5581817491417599
0.5583579890306405
0.5585204524669982
0.5586694147866623
0.5588051476005708
0.5589279187564881
0.5590379923056393
0.5591356284740862
0.5592210836386632
0.5592946103073039
0.5593564571035828
0.5594068687553019
0.5594460860869609
0.5594743460159423
0.5594918815522515
0.5594989218016589
0.5594956919720849
0.5594824133830791
0.5594593034782505
0.5594265758404968
0.5593844402099046
0.559333102504172
0.5592727648414297
0.5592036255653298
0.5591258792722741
0.5590397168406658
0.5589453254620593
0.5588428886741025
0.5587325863951543
0.5586145949604733
0.5584890871598734
0.558356232276748
0.5582161961283619
0.5580691411073248
0.5579152262241477
0.5577546071508056
0.5575874362652132
0.5574138626965418
0.5572340323712947
0.5570480880600693
0.5568561694249355
0.556658413067359
0.5564549525766075
0.5562459185785747
0.5560314387849623
0.555811638042762
0.5555866383839847
0.5553565590755798
0.5551215166694979
0.554881625052848
0.5546369954980993
0.5543877367132912
0.5541339548922023
0.5538757537644422
0.5536132346454273
0.5533464964862055
0.5530756359230917
0.5528007473270872
0.5525219228530461
0.5522392524885632
0.5519528241025534
0.5516627234934965
0.5513690344373231
0.5510718387349157
0.5507712162592048
0.5504672450018382
0.5501600011194007
0.5498495589791705
0.549535991204389
0.5492193687190313
0.5488997607920579
0.5485772350811372
0.5482518576758206
0.5479236931401604
0.5475928045547565
0.5472592535582198
0.5469231003880459
0.5465844039208839
0.5462432217121949
0.5458996100352903
0.5455536239197443
0.5452053171891685
0.5448547424983486
0.5445019513697339
0.5441469942292726
0.5437899204415939
0.5434307783445256
0.5430696152829505
0.5427064776419925
0.5423414108795348
0.5419744595580632
0.5416056673758377
0.541235077197387
0.5408627310833269
0.5404886703195038
0.5401129354454587
0.5397355662822169
0.5393566019594012
0.5389760809416718
0.5385940410544919
0.5382105195092232
0.5378255529275519
0.5374391773652495
0.5370514283352686
0.536662340830182
0.53627194934396
0.5358802878930999
0.5354873900371044
0.5350932888983171
0.5346980171811181
0.5343016071904853
0.5339040908499292
0.5335054997188012
0.533105865008987
0.5327052176009883
0.5323035880594001
0.5319010066477908
0.5314975033429902
0.5310931078487936
0.5306878496090933
0.5302817578204366
0.5298748614440263
0.5294671892171686
0.5290587696641756
0.5286496311067334
0.528239801673743
0.5278293093106432
0.5274181817882259
0.5270064467109498
0.5265941315247659
0.5261812635244631
0.5257678698605419
0.5253539775456278
0.5249396134604359
0.5245248043592924
0.5241095768752287
0.5236939575246558
0.5232779727116271
0.5228616487317065
0.5224450117754459
0.5220280879314879
0.5216109031893019
0.521193483441564
0.5207758544861948
0.5203580420280617
0.5199400716803613
0.5195219689656893
0.5191037593168106
0.5186854680771399
0.5182671205009456
