0.01285200241848816
0.012883188582152422
0.012914505602254668
0.012945954254973427
0.012977535322791021
0.013009249594557598
0.013041097865556033
0.0130730809375676
0.013105199618938477
0.013137454724647064
0.013169847076372178
0.01320237750256208
0.01323504683850434
0.013267855926396668
0.013300805615418576
0.013333896761803923
0.013367130228914444
0.013400506887314218
0.013434027614844983
0.013467693296702547
0.01350150482551408
0.013535463101416435
0.013569569032135494
0.013603823533066479
0.013638227527355351
0.01367278194598125
0.01370748772783999
0.013742345819828654
0.01377735717693126
0.013812522762305622
0.013847843547371237
0.013883320511898417
0.013918954644098551
0.013954746940715542
0.0139906984071185
0.014026810057395596
0.014063082914449224
0.014099518010092384
0.014136116385146379
0.014172879089539783
0.014209807182408721
0.0142469017321986
0.01428416381676706
0.014321594523488402
0.014359194949359399
0.014396966201106559
0.01443490939529481
0.014473025658437697
0.014511316127109031
0.014549781948056124
0.01458842427831454
0.014627244285324413
0.014666243147048369
0.014705422052091096
0.014744782199820557
0.014784324800490833
0.014824051075366747
0.014863962256850192
0.01490405958860817
0.014944344325702717
0.014984817734722579
0.015025481093916732
0.015066335693329835
0.015107382834939542
0.015148623832795808
0.0151900600131621
0.015231692714658681
0.015273523288407911
0.01531555309818162
0.015357783520550585
0.01540021594503615
0.015442851774264065
0.015485692424120494
0.015528739323910305
0.015571993916517663
0.0156154576585689
0.015659132020597835
0.015703018487213467
0.01574711855727012
0.015791433744040056
0.015835965575388727
0.015880715593952474
0.015925685357318982
0.01597087643821029
0.016016290424668615
0.016061928920244918
0.016107793544190195
0.016153885931649847
0.016200207733860668
0.016246760618351078
0.016293546269144185
0.016340566386964024
0.016387822689444834
0.016435316911343624
0.016483050804755872
0.016531026139334586
0.016579244702512666
0.016627708299728757
0.01667641875465649
0.016725377909437317
0.01677458762491692
0.016824049780885322
0.016873766276320694
0.01692373902963696
0.01697396997893534
0.01702446108225976
0.017075214317856257
0.017126231684436603
0.017177515201445934
0.017229066909334748
0.0172808888698351
0.01733298316624134
0.0173853519036952
0.01743799720947551
0.017490921233292524
0.017544126147587106
0.017597614147834548
0.017651387452853447
0.01770544830511956
0.017759798971084772
0.017814441741501187
0.01786937893175067
0.017924612882179683
0.01798014595843959
0.01803598055183275
0.01809211907966415
0.018148563985598946
0.018205317740025984
0.018262382840427294
0.018319761811753873
0.01837745720680762
0.018435471606629877
0.018493807620896342
0.018552467888318804
0.01861145507705356
0.018670771885116906
0.01873042104080762
0.018790405303136654
0.018850727462264336
0.018911390339944874
0.018972396789978745
0.019033749698672713
0.019095451985307994
0.01915750660261642
0.019219916537264993
0.01928268481034892
0.019345814477893235
0.01940930863136333
0.01947317039818435
0.01953740294226999
0.019602009464560505
0.019666993203570345
0.019732357435945598
0.019798105477031345
0.019864240681449326
0.019930766443685848
0.019997686198690426
0.02006500342248524
0.02013272163278562
0.02020084438963196
0.020269375296032992
0.020338317998621076
0.020407676188319297
0.020477453601021108
0.020547654018282343
0.020618281268026187
0.020689339225261262
0.020760831812812998
0.020832763002068898
0.020905136813737582
0.020977957318622304
0.02105122863840901
0.021124954946469248
0.02119914046867861
0.021273789484250415
0.021348906326585645
0.021424495384139017
0.021500561101301788
0.02157710797930166
0.02165414057711996
0.021731663512426766
0.021809681462534307
0.021888199165368792
0.02196722142046149
0.022046753089959306
0.022126799099655134
0.022207364440038846
0.02228845416736892
0.02237007340476566
0.022452227343326064
0.02253492124326118
0.02261816043505631
0.02270195032065459
0.02278629637466464
0.022871204145592638
0.022956679257099533
0.023042727409284113
0.02312935437999214
0.023216566026152633
0.02330436828514166
0.023392767176174452
0.023481768801726324
0.023571379348983474
0.02366160509132379
0.023752452389829128
0.023843927694829212
0.023936037547478167
0.02402878858136466
0.024122187524156076
0.024216241199278017
0.02431095652762965
0.024406340529335956
0.024502400325537778
0.02459914314022068
0.024696576302083335
0.024794707246446987
0.024893543517206233
0.024993092768822917
0.025093362768363846
0.025194361397583544
0.025296096655053134
0.025398576658336634
0.025501809646215845
0.02560580398096513
0.02571056815067726
0.025816110771641775
0.025922440590777335
0.026029566488119067
0.02613749747936299
0.026246242718468385
0.02635581150032009
0.026466213263452228
0.026577457592834676
0.026689554222724725
0.02680251303958462
0.02691634408506782
0.02703105755907509
0.027146663822882673
0.027263173402344503
0.027380596991170285
0.02749894545428174
0.027618229831249175
0.027738461339810373
0.02785965137947436
0.02798181153521223
0.028104953581237643
0.02822908948487932
0.028354231410548256
0.028480391723802338
0.028607582995511034
0.028735818006123223
0.028865109750040738
0.028995471440101162
0.0291269165121726
0.02925945862986387
0.029393111689353414
0.02952788982434056
0.02966380741112229
0.029800879073799802
0.02993911968961816
0.030078544394443244
0.030219168588380144
0.030361007941536886
0.030504078399938385
0.0306483961915945
0.0307939778327274
0.03094084013416276
0.031089000207889836
0.031238475473795713
0.031389283666578824
0.03154144284284742
0.03169497138840879
0.03184988802575486
0.032006211821750674
0.032163962195531755
0.03232315892661713
0.03248382216324473
0.03264597243093614
0.03280963064129832
0.032974818101069246
0.03314155652141603
0.033309868027492986
0.03347977516826852
0.03365130092662921
0.03382446872977046
0.0339993024598827
0.03417582646514324
0.03435406557102351
0.03453404509192246
0.034715790843136696
0.03489932915317867
0.03508468687645478
0.03527189140631525
0.03546097068848847
0.035651953234912936
0.03584486813798024
0.03603974508520321
0.03623661437432388
0.0364355069288765
0.03663645431422131
0.03683948875406541
0.037044643147488135
0.037251951086488294
0.0374614468740717
0.03767316554289869
0.037887142874510754
0.038103415419157724
0.03832202051624681
0.03854299631543588
0.038766381798394395
0.0389922168012566
0.03922054203779175
0.0394513991233183
0.039684830599389175
0.039920879959276914
0.04015959167428829
0.040401011220939795
0.04064518510902613
0.040892160910615274
0.041141987290005906
0.0413947140346833
0.04165039208731208
0.04190907357880605
0.0421708118625165
0.042435661549582546
0.042703678545488545
0.042974920087876914
0.04324944478566444
0.04352731265951497
0.04380858518372184
0.04409332532955654
0.0443815976101424
0.044673468126915444
0.044969004617736064
0.04526827650671918
0.04557135495585382
0.04587831291848492
0.046189225194734715
0.04650416848894513
0.04682322146922453
0.04714646482918802
0.047473981351983635
0.04780585597670138
0.04814217586726714
0.048483030483927325
0.04882851165743671
0.04917871366606559
0.04953373331555001
0.049893670022112965
0.0502586258986924
0.05062870584451688
0.05100401763817901
0.05138467203436152
0.051770782864380846
0.05216246714072041
0.052559845165735
0.05296304064471527
0.05337218080351461
0.05378739651094634
0.054208822406174376
0.05463659703132862
0.055070862969591426
0.05551176698901118
0.055959460192315943
0.05641409817301196
0.05687584117806847
0.057344854277505575
0.05782130754121991
0.058305376223400276
0.058797240954904566
0.05929708794399055
0.059805109185813055
0.060321502681125155
0.060846472664643006
0.06138022984356141
0.061922991646733865
0.062474982485059345
0.06303643402365092
0.0636075854663917
0.06418868385351886
0.06477998437291706
0.0653817506858346
0.06599425526778711
0.06661777976544891
0.06725261537038629
0.06789906321053452
0.06855743476037422
0.06922805227082149
0.06991124921990553
0.07060737078537427
0.07131677434043669
0.07203982997392527
0.07277692103624037
0.07352844471252429
0.07429481262459943
0.07507645146330613
0.07587380365297161
0.07668732804985907
0.07751750067655597
0.07836481549438912
0.07922978521609009
0.0801129421610724
0.08101483915583918
0.08193605048220412
0.08287717287617968
0.08383882658058064
0.08482165645458592
0.08582633314372085
0.08685355431395206
0.08790404595383297
0.08897856374890431
0.09007789453283474
0.09120285782009797
0.0923543074252969
0.09353313317460912
0.09474026271519037
0.09597666342878206
0.09724334445619733
0.09854135883982221
0.09987180579176294
0.1012358330958049
0.1026346396519143
0.10406947817262602
0.1055416580413148
0.1070525483430484
0.10860358107946885
0.11019625457995841
0.11183213712219511
0.11351287077613567
0.11524017548643464
0.11701585340936481
0.118841793521422
0.120719976517987
0.12265248002169504
0.12464148412150142
0.12668927726487864
0.1287982625270808
0.130970964283031
0.13321003530905814
0.1355182643435015
0.13789858413703993
0.14035408002555733
0.14288799906033847
0.14550375973247837
0.14820496233047703
0.15099539997215375
0.15387907035412113
0.15686018826419554
0.15994319890411837
0.16313279207188333
0.16643391725463397
0.16985179968453837
0.1733919574110398
0.17706021944339753
0.18086274501724367
0.18480604403781112
0.18889699875031402
0.19314288668433793
0.19755140491373888
0.20213069566596023
0.20688937330434548
0.21183655269336524
0.21698187893884374
0.22233555847244102
0.2279083914206241
0.23371180516193574
0.23975788893087716
0.24605942927038293
0.252629946065407
0.2594837288049896
0.2666358726162546
0.2741023134874952
0.2818998619446552
0.2900462342612542
0.2985600800605705
0.30746100490436445
0.31676958614741335
0.32650737996380985
0.336696917010708
0.34736168367882125
0.358526085277308
0.37021538680443733
0.38245562615688633
0.39527349372360504
0.4086961712929836
0.4227511220783783
0.437465822449604
0.45286742467267566
0.46898233864996175
0.4858357193864317
0.5034508457840069
0.5218483755267984
0.5410454604569058
0.561054707208009
0.5818829692869564
0.6035299596751371
0.6259866778414095
0.6492336523626103
0.6732390107189794
0.6979564018341426
0.7233228150218136
0.7492563614064846
0.7756541104149012
0.8023901037744666
0.829313700920477
0.856248440029623
0.8829916240385677
0.9093148557185238
0.9349657439540439
0.9596709783195936
0.9831409151592579
1.0050757322363852
1.025173091200835
1.0431371037410337
1.0586882409158207
1.0715736745082538
1.0815774172075858
1.088529558455345
1.0923138940571178
1.092873330104012
1.0902126024122762
1.084398074660348
1.07555463303127
1.0638599473189274
1.0495365834909447
1.0328426033284117
1.014061357926637
0.9934911724894386
0.9714355414501811
0.9481943255677042
0.9240562899152673
0.8992931661092702
0.8741552816553759
0.8488686855941207
0.8236336179883333
0.7986241211344801
0.7739885688687729
0.7498508910865729
0.7263122870878148
0.7034532474977755
0.6813357351951707
0.6600054070598782
0.6394937878152185
0.6198203332346751
0.6009943417955959
0.5830166913727617
0.5658813910371224
0.5495769479393744
0.5340875561853733
0.5193941191309706
0.5054751191752132
0.4923073503830724
0.4798665295133482
0.46812780057935094
0.4570661471736047
0.44665672562783854
0.43687513079025875
0.42769760487784525
0.41910119856623373
0.4110638922534572
0.4035646842996416
0.39658365201350476
0.39010199023008774
0.38410203149955957
0.37856725117678014
0.37348226005709256
0.3688327866355015
0.3646056505643507
0.3607887284397444
0.3573709126507335
0.3543420636714199
0.3516929558591527
0.3494152165392673
0.34750125790789993
0.3459442010719045
0.3447377913749944
0.3438763040419736
0.3433544391229295
0.34316720475577683
0.34330978791242206
0.3437774120788643
0.34456518177278617
0.34566791445308803
0.3470799612487724
0.34879501904240917
0.3508059377793143
0.35310452840105566
0.35568137844496117
0.35852568398558016
0.36162510804275966
0.3649656766188725
0.36853172389643335
0.3723058975657252
0.3762692335404411
0.3804013063347173
0.3846804571470025
0.38908409645073594
0.3935890720652564
0.3981720878912914
0.4028101534685711
0.4074810409628572
0.4121637246850518
0.4168387790887721
0.42148871434665625
0.4260982336858312
0.43065440300831437
0.4351467301202901
0.4395671573307601
0.44390997657628556
0.4481716801345712
0.45235076222152787
0.45644748738623964
0.46046364087496905
0.46440227438662174
0.46826745827741595
0.4720640486521454
0.47579747519541005
0.47947355325543106
0.4830983217184703
0.48667790665414135
0.4902184095678187
0.4937258183267322
0.49720593837268956
0.5006643416311236
0.5041063305097668
0.507536914493973
0.5109607970425074
0.5143823707303901
0.5178057188465846
0.5212346219144821
0.5246725678495694
0.5281227646936684
0.5315881550650199
0.5350714316370418
0.5385750531065259
0.5421012602361164
0.5456520916584557
0.549229399213002
0.5528348626538843
0.5564700036206158
0.5601361988054956
0.5638346922838994
0.5675666069983115
0.571332955405294
0.5751346493078824
0.5789725089052408
0.582847271097623
0.5867595970884674
0.5907100793274583
0.594699247838903
0.5987275759793782
0.602795485667388
0.6069033521260935
0.6110515081781562
0.6152402481294814
0.6194698312763406
0.6237404850679735
0.6280524079544423
0.6324057719472402
0.6368007249179923
0.6412373926585057
0.6457158807235055
0.6502362760755639
0.6547986485500464
0.659403052156349
0.6640495262302316
0.668738096450772
0.6734687757342046
0.6782415650158463
0.6830564539302566
0.6879134213988813
0.6928124361335947
0.6977534570637627
0.7027364336937857
0.707761306397446
0.7128280066547865
0.7179364572367821
0.7230865723425455
0.7282782576934218
0.7335114105879326
0.7387859199211686
0.7441016661719523
0.7494585213607677
0.7548563489812433
0.7602950039076879
0.7657743322810421
0.771294171375343
0.7768543494467012
0.7824546855665799
0.7880949894410639
0.7937750612176736
0.7994946912811441
0.8052536600395355
0.8110517377019006
0.8168886840486909
0.822764248195984
0.8286781683545655
0.8346301715848394
0.8406199735484691
0.8466472782576265
0.8527117778226754
0.8588131521990727
0.8649510689342375
0.8711251829151204
0.8773351361171602
0.8835805573552975
0.8898610620377065
0.8961762519228595
0.9025257148805453
0.9089090246574332
0.9153257406477698
0.9217754076697738
0.9282575557482898
0.9347716999042429
0.9413173399514344
0.9478939603012163
0.9545010297755477
0.9611380014289514
0.9678043123798861
0.9744993836520108
0.981222620025847
0.9879734099013148
0.9947511251715987
1.0015551211088538
1.0083847362621574
1.0152392923681868
1.0221180942750627
1.029020429879773
1.0359455700796163
1.0428927687380607
1.0498612626654258
1.0568502716147805
1.0638589982934088
1.0708866283902359
1.077932330619538
1.08499525678128
1.0920745418383946
1.0991693040112978
1.1062786448899329
1.1134016495635948
1.1205373867687867
1.1276849090553276
1.134843252970913
1.1420114392643141
1.149188473107357
1.1563733443358335
1.163565027709434
1.1707624831907875
1.177964656243675
1.185170478150414
