0.009067442176822567
0.009093106047164222
0.009118898469339358
0.009144820393461648
0.009170872779029449
0.00919705659504244
0.009223372820120038
0.009249822442621604
0.00927640646076844
0.009303125882767653
0.00932998172693789
0.009356975021837011
0.009384106806391668
0.009411378130028927
0.009438790052809835
0.00946634364556513
0.009494039990032961
0.009521880178998823
0.009549865316437573
0.009577996517657734
0.009606274909448006
0.009634701630226075
0.009663277830189774
0.009692004671470595
0.009720883328289659
0.009749914987116094
0.00977910084682798
0.009808442118875837
0.0098379400274487
0.009867595809642875
0.009897410715633369
0.009927386008848122
0.009957522966145011
0.009987822877991718
0.010018287048648536
0.010048916796354116
0.010079713453514282
0.010110678366893893
0.010141812897811863
0.010173118422339417
0.010204596331501559
0.010236248031481944
0.01026807494383107
0.010300078505677992
0.010332260169945534
0.010364621405569128
0.010397163697719296
0.010429888548027889
0.01046279747481815
0.010495892013338656
0.010529173716001258
0.010562644152623025
0.010596304910672365
0.010630157595519336
0.010664203830690274
0.010698445258126778
0.010732883538449199
0.010767520351224705
0.01080235739523993
0.010837396388778505
0.010872639069903317
0.010908087196743807
0.010943742547788248
0.010979606922181267
0.01101568214002659
0.011051970042695102
0.011088472493138551
0.011125191376208668
0.011162128598982163
0.011199286091091503
0.011236665805061608
0.011274269716652728
0.011312099825209499
0.011350158154016335
0.011388446750659349
0.011426967687394901
0.011465723061524883
0.011504714995778967
0.011543945638703913
0.01158341716506009
0.011623131776225376
0.011663091700606651
0.01170329919405893
0.011743756540312436
0.011784466051407679
0.011825430068138824
0.011866650960505442
0.011908131128172862
0.011949873000941342
0.011991879039224251
0.012034151734535398
0.012076693609985822
0.012119507220790197
0.012162595154783063
0.012205960032945124
0.012249604509939864
0.012293531274660716
0.012337743050788932
0.012382242597362593
0.012427032709356823
0.012472116218275608
0.012517495992755392
0.012563174939180808
0.012609156002312797
0.012655442165929388
0.012702036453479455
0.01274894192874981
0.012796161696545835
0.012843698903386137
0.012891556738211397
0.012939738433107889
0.012988247264045965
0.013037086551633858
0.01308625966188722
0.013135770007014769
0.013185621046220413
0.013235816286522291
0.013286359283589136
0.013337253642594409
0.013388503019088636
0.013440111119890373
0.01349208170399634
0.013544418583511152
0.013597125624597176
0.013650206748444985
0.013703665932265009
0.013757507210300819
0.013811734674864755
0.013866352477396298
0.013921364829543927
0.013976776004270991
0.014032590336986249
0.014088812226699726
0.014145446137204556
0.014202496598285482
0.014259968206954764
0.014317865628716168
0.014376193598857858
0.014434956923774882
0.014494160482322152
0.014553809227198669
0.01461390818636386
0.014674462464486957
0.01473547724443022
0.014796957788767088
0.014858909441336042
0.014921337628831351
0.014984247862431596
0.015047645739467137
0.01511153694512749
0.015175927254209918
0.015240822532910205
0.015306228740657016
0.015372151931990902
0.015438598258489408
0.015505573970739464
0.015573085420358537
0.01564113906206592
0.015709741455805618
0.01577889926892235
0.01584861927839228
0.015918908373110018
0.01598977355623363
0.016061221947589376
0.01613326078613792
0.016205897432503984
0.016279139371571213
0.016352994215144363
0.016427469704680807
0.01650257371409349
0.01657831425262758
0.016654699467813033
0.016731737648495466
0.016809437227947824
0.016887806787065328
0.016966855057646293
0.017046590925761683
0.01712702343521609
0.017208161791103096
0.017290015363458106
0.017372593691011726
0.01745590648504701
0.01753996363336394
0.017624775204354643
0.017710351451192978
0.017796702816142356
0.017883839934985594
0.017971773641581014
0.018060514972548933
0.01815007517209299
0.018240465696960806
0.018331698221548894
0.01842378464315652
0.018516737087393875
0.01861056791374972
0.018705289721324132
0.01880091535473212
0.01889745791018406
0.01899493074174923
0.019093347467808983
0.01919272197770615
0.019293068438598005
0.019394401302519744
0.019496735313666424
0.01960008551590125
0.01970446726049827
0.01980989621412842
0.01991638836709772
0.020023960041847068
0.02013262790172333
0.020242408960032134
0.020353320589382707
0.020465380531336126
0.02057860690636843
0.020693018224160746
0.020808633394228972
0.020925471736906367
0.021043552994692682
0.021162897343984275
0.021283525407200334
0.021405458265320802
0.02152871747085256
0.021653325061241055
0.02177930357274526
0.021906676054795023
0.022035466084850287
0.022165697783782877
0.02229739583180258
0.022430585484949975
0.022565292592179858
0.022701543613059996
0.02283936563611135
0.022978786397817065
0.02311983430232875
0.023262538441900273
0.023406928618080514
0.023553035363698082
0.023700889965672906
0.02385052448869114
0.024001971799781585
0.024155265593834147
0.024310440420102455
0.024467531709735264
0.02462657580438351
0.024787609985932116
0.024950672507408497
0.025115802625122394
0.025283040632094213
0.025452427892832766
0.02562400687952578
0.025797821209710626
0.02597391568549597
0.02615233633440918
0.026333130451947958
0.02651634664591973
0.026702034882656395
0.02689024653519685
0.02708103443353562
0.027274452917040556
0.027470557889149153
0.02766940687445888
0.027871059078333652
0.028075575449155947
0.028283018743360908
0.028493453593397583
0.02870694657877039
0.028923566300323406
0.029143383457939084
0.029366470931834407
0.029592903867647305
0.029822759765518667
0.03005611857338751
0.030293062784730145
0.030533677540988558
0.030778050738948348
0.031026273143342623
0.03127843850497601
0.03153464368468081
0.0317949887834377
0.032059577279013915
0.03232851616949512
0.032601916124110425
0.032879891641776446
0.03316256121781376
0.03345004751931817
0.03374247756970119
0.03403998294294749
0.03434269996817341
0.03465076994510845
0.034964339371163985
0.035283560180796
0.03560858999791674
0.03593959240216009
0.036276737209858856
0.03662020077064957
0.03697016628068159
0.037326824113472344
0.03769037216951969
0.03806101624585681
0.03843897042681289
0.03882445749732703
0.03921770938025063
0.0396189675991679
0.040028483768362745
0.04044652011166498
0.04087335001201882
0.04130925859373164
0.04175454333948181
0.042209514744289446
0.0426744970087835
0.043149828774232804
0.04363586390194351
0.04413297229976449
0.04464154079857846
0.04516197408179291
0.04569469567097374
0.046240148970887365
0.04679879837732518
0.04737113045117466
0.047957655162267895
0.04855890720657027
0.04917544740026191
0.04980786415419859
0.05045677503210329
0.05112282839561422
0.051806705138981154
0.05250912051573068
0.05323082605898143
0.053972611596245904
0.05473530735845797
0.055519786181567096
0.056326965797270256
0.05715781120724453
0.058013337132504283
0.058894610526139105
0.059802753133573444
0.060738944079495
0.06170442245457115
0.06270048986784776
0.06372851292210781
0.0647899255592688
0.06588623121089547
0.06701900467489705
0.06818989362325734
0.06940061962704676
0.07065297856386857
0.07194884024928105
0.07329014710772613
0.07467891167041459
0.07611721265807028
0.07760718937641264
0.07915103412324322
0.08075098228009733
0.08240929974148845
0.08412826732452983
0.08591016180584665
0.08775723325682583
0.08967167839887855
0.09165560978454362
0.09371102073497711
0.09583974613583675
0.0980434194158662
0.1003234263060685
0.1026808562971848
0.105116453066876
0.10763056551424785
0.11022310138722925
0.11289348577793355
0.11564062694635827
0.11846289196619096
0.12135809452661582
0.12432349684396157
0.12735582703307596
0.13045131248633185
0.13360572886577854
0.13681446331665864
0.1400725895615511
0.14337495173950648
0.14671625330462743
0.15009114705406726
0.1534943224362642
0.15692058667336106
0.16036493685709163
0.16382262096009187
0.16728918655038544
0.17076051681717125
0.17423285423975166
0.17770281281106998
0.18116738014068362
0.1846239110092095
0.18807011404428448
0.19150403316423828
0.19492402532167075
0.19832873590621214
0.20171707296150687
0.20508818115807886
0.20844141625753349
0.211776320615294
0.21509260010483633
0.21839010270865233
0.22166879890973107
0.22492876393035593
0.22817016179964297
0.23139323118424054
0.23459827288470964
0.23778563888022608
0.24095572279368013
0.24410895164564217
0.2472457787671053
0.2503666777458402
0.25347213728838985
0.25656265688826874
0.2596387432000943
0.2627009070286961
0.26574966085133334
0.2687855167997877
0.27180898503714146
0.27482057247137737
0.27782078175456576
0.28081011052228155
0.28378905083304706
0.28675808877207665
0.2897177041873999
0.29266837052964173
0.29561055476933895
0.2985447173677491
0.301471312278645
0.3043907869596623
0.3073035823723579
0.31021013295029637
0.3131108665141985
0.31600620411249747
0.31889655976454057
0.32178234008218654
0.32466394374367047
0.32754176079139163
0.3304161717227362
0.33328754634024516
0.33615624232446084
0.33902260348973473
0.3418869576803327
0.3447496142615407
0.34761086115845674
0.3504709613941429
0.35333014907929233
0.35618862480817076
0.3590465504210688
0.3619040431027561
0.3647611688004725
0.3676179349649587
0.3704742826450651
0.373330078001652
0.37618510335066
0.37903904789874454
0.381891498397372
0.3847419300113087
0.3875896977720601
0.39043402906135566
0.39327401763745673
0.3961086197691901
0.39893665306873904
0.4017567986032014
0.40456760680607196
0.4073675075950415
0.41015482492836797
0.4129277958020666
0.41568459341625064
0.4184233539419884
0.42114220602848157
0.42383930193710456
0.4265128490064086
0.4291611400672136
0.431782581454914
0.43437571740812364
0.4369392498843935
0.43947205313744553
0.44197318275021186
0.4444418791656426
0.4468775660682674
0.449279844217836
0.45164848150721515
0.45398340010661015
0.4562846615714259
0.4585524507448263
0.46078705919502105
0.4629888688088493
0.46515833603303436
0.4672959771252495
0.4694023546579876
0.47147806541482723
0.4735237297337267
0.47553998228581523
0.47752746422961423
0.4794868166475294
0.481418675151246
0.4833236655326613
0.48520240033472056
0.48705547621979894
0.4888834720203089
0.4906869473655152
0.4924664417890527
0.49422247423252436
0.49595554287124904
0.4976661251983578
0.4993546783127805
0.5010216393650965
0.5026674261227136
0.5042924376224016
0.5058970548838866
0.5074816416630812
0.5090465452276693
0.510592097141245
0.5121186140451346
0.5136263984294519
0.5151157393869477
0.5165869133448532
0.5180401847712638
0.5194758068536892
0.5208940221482705
0.5222950631988537
0.5236791531256595
0.5250465061837086
0.5263973282914934
0.527731817530625
0.5290501646173706
0.5303525533471182
0.5316391610128893
0.5329101587990785
0.53416571215161
0.5354059811257194
0.5366311207125455
0.5378412811456987
0.539036608188937
0.5402172434060443
0.5413833244139554
0.5425349851201338
0.5436723559451533
0.5447955640313904
0.5459047334386822
0.5469999853277613
0.5480814381322275
0.5491492077197758
0.5502034075433543
0.5512441487828859
0.5522715404781456
0.5532856896533538
0.5542867014340003
0.5552746791563947
0.5562497244703949
0.5572119374357393
0.5581614166123875
0.5590982591452394
0.5600225608435804
0.5609344162555838
0.5618339187381718
0.5627211605225219
0.5635962327754859
0.5644592256571705
0.5653102283749144
0.566149329233878
0.5669766156844523
0.5677921743666788
0.5685960911518574
0.5693884511815122
0.5701693389038716
0.570938838108011
0.5716970319557965
0.5724440030117556
0.5731798332710034
0.5739046041853331
0.5746183966875786
0.5753212912143526
0.5760133677272525
0.5766947057326235
0.577365384299962
0.578025482079041
0.5786750773158269
0.5793142478672602
0.579943071214966
0.580561624477955
0.5811699844243732
0.5817682274823552
0.5823564297500355
0.5829346670047615
0.58350301471156
0.5840615480308957
0.5846103418257673
0.5851494706681766
0.5856790088450086
0.5861990303633584
0.5867096089553352
0.5872108180823773
0.5877027309391044
0.5881854204567384
0.5886589593061156
0.5891234199003177
0.5895788743969441
0.5900253947000474
0.5904630524617555
0.5908919190835963
0.5913120657175486
0.5917235632668337
0.592126482386467
0.5925208934835836
0.5929068667175558
0.5932844719999162
0.593653778994098
0.5940148571150087
0.5943677755284481
0.5947126031503831
0.5950494086460897
0.5953782604291716
0.5956992266604708
0.5960123752468715
0.5963177738400139
0.596615489834923
0.5969055903685586
0.5971881423183001
0.5974632123003671
0.5977308666681866
0.5979911715107126
0.5982441926507027
0.5984899956429605
0.5987286457725469
0.5989602080529662
0.5991847472243337
0.5994023277515258
0.5996130138223209
0.5998168693455352
0.6000139579491515
0.6002043429784538
0.600388087494165
0.6005652542705913
0.6007359057937807
0.6009001042596926
0.6010579115723881
0.6012093893422347
0.6013545988841392
0.6014936012158008
0.6016264570559907
0.6017532268228631
0.6018739706322938
0.6019887482962522
0.6020976193212071
0.6022006429065668
0.6022978779431571
0.6023893830117367
0.6024752163815507
0.6025554360089262
0.6026300995359082
0.6026992642889359
0.6027629872775658
0.6028213251932341
0.6028743344080663
0.6029220709737303
0.6029645906203362
0.6030019487553803
0.6030342004627354
0.6030614005016899
0.6030836033060307
0.6031008629831753
0.6031132333133497
0.6031207677488141
0.6031235194131366
0.6031215411005121
0.6031148852751315
0.6031036040705954
0.6030877492893763
0.6030673724023278
0.6030425245482403
0.6030132565334421
0.6029796188314497
0.6029416615826612
0.6028994345940965
0.6028529873391841
0.6028023689575911
0.6027476282550982
0.6026888137035203
0.6026259734406694
0.6025591552703619
0.6024884066624682
0.6024137747530056
0.6023353063442715
0.6022530479050201
0.6021670455706792
0.6020773451436066
0.6019839920933872
0.6018870315571702
0.6017865083400429
0.6016824669154449
0.6015749514256183
0.6014640056820958
0.6013496731662245
0.601231997029726
0.6011110200952922
0.6009867848572139
0.6008593334820456
0.6007287078093015
0.6005949493521863
0.6004580992983557
0.6003181985107113
0.6001752875282231
0.600029406566785
0.5998805955200978
0.599728893960583
0.5995743411403232
0.5994169759920309
0.5992568371300456
0.5990939628513541
0.5989283911366408
0.5987601596513594
0.5985893057468322
0.5984158664613712
0.5982398785214241
0.5980613783427413
0.597880402031567
0.5976969853858511
0.5975111638964822
0.5973229727485386
0.5971324468225649
0.5969396206958608
0.596744528643794
0.5965472046411281
0.5963476823633692
0.5961459951881302
0.5959421761965087
0.5957362581744846
0.5955282736143301
0.5953182547160352
0.5951062333887481
0.5948922412522298
0.5946763096383196
0.5944584695924156
0.5942387518749673
0.5940171869629778
0.59379380505152
0.5935686360552622
0.5933417096100033
0.5931130550742194
0.5928827015306187
0.5926506777877054
0.592417012381353
0.5921817335763839
0.5919448693681586
0.59170644748417
0.5914664953856461
0.5912250402691591
0.5909821090682382
0.5907377284549912
0.5904919248417281
