2.0
2.002002670226969
2.0040053404539386
2.0060080106809077
2.0080106809078773
2.0100133511348464
2.012016021361816
2.014018691588785
2.0160213618157545
2.0180240320427236
2.0200267022696927
2.0220293724966623
2.0240320427236314
2.026034712950601
2.02803738317757
2.0300400534045395
2.0320427236315086
2.034045393858478
2.0360480640854473
2.0380507343124163
2.040053404539386
2.042056074766355
2.0440587449933245
2.0460614152202936
2.048064085447263
2.0500667556742322
2.052069425901202
2.054072096128171
2.05607476635514
2.0580774365821095
2.0600801068090786
2.062082777036048
2.0640854472630172
2.0660881174899868
2.068090787716956
2.0700934579439254
2.0720961281708945
2.0740987983978636
2.076101468624833
2.0781041388518022
2.0801068090787718
2.082109479305741
2.0841121495327104
2.0861148197596795
2.088117489986649
2.090120160213618
2.0921228304405877
2.0941255006675568
2.096128170894526
2.0981308411214954
2.1001335113484645
2.102136181575434
2.104138851802403
2.1061415220293727
2.1081441922563418
2.1101468624833113
2.1121495327102804
2.1141522029372495
2.116154873164219
2.118157543391188
2.1201602136181577
2.1221628838451267
2.1241655540720963
2.1261682242990654
2.128170894526035
2.130173564753004
2.132176234979973
2.1341789052069426
2.1361815754339117
2.1381842456608813
2.1401869158878504
2.14218958611482
2.144192256341789
2.1461949265687585
2.1481975967957276
2.1502002670226967
2.1522029372496663
2.1542056074766354
2.156208277703605
2.158210947930574
2.1602136181575435
2.1622162883845126
2.164218958611482
2.1662216288384513
2.1682242990654204
2.17022696929239
2.172229639519359
2.1742323097463285
2.1762349799732976
2.178237650200267
2.1802403204272363
2.182242990654206
2.184245660881175
2.186248331108144
2.1882510013351135
2.1902536715620826
2.192256341789052
2.1942590120160212
2.196261682242991
2.19826435246996
2.2002670226969294
2.2022696929238985
2.2042723631508676
2.206275033377837
2.2082777036048062
2.210280373831776
2.212283044058745
2.2142857142857144
2.2162883845126835
2.218291054739653
2.220293724966622
2.2222963951935912
2.2242990654205608
2.22630173564753
2.2283044058744994
2.2303070761014685
2.232309746328438
2.234312416555407
2.2363150867823767
2.2383177570093458
2.2403204272363153
2.2423230974632844
2.2443257676902535
2.246328437917223
2.248331108144192
2.2503337783711617
2.2523364485981308
2.2543391188251003
2.2563417890520694
2.258344459279039
2.260347129506008
2.262349799732977
2.2643524699599467
2.2663551401869158
2.2683578104138853
2.2703604806408544
2.272363150867824
2.274365821094793
2.2763684913217626
2.2783711615487316
2.2803738317757007
2.2823765020026703
2.2843791722296394
2.286381842456609
2.288384512683578
2.2903871829105475
2.2923898531375166
2.294392523364486
2.2963951935914553
2.2983978638184244
2.300400534045394
2.302403204272363
2.3044058744993325
2.3064085447263016
2.308411214953271
2.3104138851802403
2.31241655540721
2.314419225634179
2.316421895861148
2.3184245660881175
2.3204272363150866
2.322429906542056
2.3244325767690253
2.326435246995995
2.328437917222964
2.3304405874499334
2.3324432576769025
2.3344459279038716
2.336448598130841
2.3384512683578103
2.34045393858478
2.342456608811749
2.3444592790387184
2.3464619492656875
2.348464619492657
2.350467289719626
2.3524699599465952
2.354472630173565
2.356475300400534
2.3584779706275034
2.3604806408544725
2.362483311081442
2.364485981308411
2.3664886515353807
2.3684913217623498
2.370493991989319
2.3724966622162884
2.3744993324432575
2.376502002670227
2.378504672897196
2.3805073431241657
2.3825100133511348
2.3845126835781043
2.3865153538050734
2.388518024032043
2.390520694259012
2.392523364485981
2.3945260347129507
2.3965287049399198
2.3985313751668893
2.4005340453938584
2.402536715620828
2.404539385847797
2.4065420560747666
2.4085447263017357
2.4105473965287048
2.4125500667556743
2.4145527369826434
2.416555407209613
2.418558077436582
2.4205607476635516
2.4225634178905207
2.42456608811749
2.4265687583444593
2.4285714285714284
2.430574098798398
2.432576769025367
2.4345794392523366
2.4365821094793056
2.438584779706275
2.4405874499332443
2.442590120160214
2.444592790387183
2.446595460614152
2.4485981308411215
2.4506008010680906
2.45260347129506
2.4546061415220293
2.456608811748999
2.458611481975968
2.4606141522029374
2.4626168224299065
2.4646194926568756
2.466622162883845
2.4686248331108143
2.470627503337784
2.472630173564753
2.4746328437917224
2.4766355140186915
2.478638184245661
2.48064085447263
2.4826435246995993
2.484646194926569
2.486648865153538
2.4886515353805074
2.4906542056074765
2.492656875834446
2.494659546061415
2.4966622162883847
2.498664886515354
2.500667556742323
2.5026702269692924
2.5046728971962615
2.506675567423231
2.5086782376502
2.5106809078771697
2.512683578104139
2.5146862483311083
2.5166889185580774
2.5186915887850465
2.520694259012016
2.522696929238985
2.5246995994659547
2.5267022696929238
2.5287049399198933
2.5307076101468624
2.532710280373832
2.534712950600801
2.5367156208277706
2.5387182910547397
2.5407209612817088
2.5427236315086783
2.5447263017356474
2.546728971962617
2.548731642189586
2.5507343124165556
2.5527369826435247
2.554739652870494
2.5567423230974633
2.5587449933244324
2.560747663551402
2.562750333778371
2.5647530040053406
2.5667556742323097
2.568758344459279
2.5707610146862483
2.572763684913218
2.574766355140187
2.576769025367156
2.5787716955941256
2.5807743658210947
2.582777036048064
2.5847797062750333
2.586782376502003
2.588785046728972
2.5907877169559415
2.5927903871829105
2.5947930574098796
2.596795727636849
2.5987983978638183
2.600801068090788
2.602803738317757
2.6048064085447264
2.6068090787716955
2.608811748998665
2.610814419225634
2.6128170894526033
2.614819759679573
2.616822429906542
2.6188251001335114
2.6208277703604805
2.62283044058745
2.624833110814419
2.6268357810413887
2.628838451268358
2.630841121495327
2.6328437917222964
2.6348464619492655
2.636849132176235
2.638851802403204
2.6408544726301737
2.642857142857143
2.6448598130841123
2.6468624833110814
2.6488651535380505
2.65086782376502
2.652870493991989
2.6548731642189587
2.656875834445928
2.6588785046728973
2.6608811748998664
2.662883845126836
2.664886515353805
2.666889185580774
2.6688918558077437
2.670894526034713
2.6728971962616823
2.6748998664886514
2.676902536715621
2.67890520694259
2.6809078771695596
2.6829105473965287
2.684913217623498
2.6869158878504673
2.6889185580774364
2.690921228304406
2.692923898531375
2.6949265687583446
2.6969292389853137
2.698931909212283
2.7009345794392523
2.702937249666222
2.704939919893191
2.70694259012016
2.7089452603471296
2.7109479305740987
2.712950600801068
2.7149532710280373
2.716955941255007
2.718958611481976
2.7209612817089455
2.7229639519359146
2.7249666221628837
2.726969292389853
2.7289719626168223
2.730974632843792
2.732977303070761
2.7349799732977305
2.7369826435246996
2.738985313751669
2.740987983978638
2.7429906542056073
2.744993324432577
2.746995994659546
2.7489986648865155
2.7510013351134845
2.753004005340454
2.755006675567423
2.7570093457943927
2.759012016021362
2.761014686248331
2.7630173564753004
2.7650200267022695
2.767022696929239
2.769025367156208
2.7710280373831777
2.773030707610147
2.7750333778371163
2.7770360480640854
2.7790387182910545
2.781041388518024
2.783044058744993
2.7850467289719627
2.787049399198932
2.7890520694259013
2.7910547396528704
2.79305740987984
2.795060080106809
2.797062750333778
2.7990654205607477
2.801068090787717
2.8030707610146863
2.8050734312416554
2.807076101468625
2.809078771695594
2.8110814419225636
2.8130841121495327
2.815086782376502
2.8170894526034713
2.8190921228304404
2.82109479305741
2.823097463284379
2.8251001335113486
2.8271028037383177
2.829105473965287
2.8311081441922563
2.833110814419226
2.835113484646195
2.837116154873164
2.8391188251001336
2.8411214953271027
2.843124165554072
2.8451268357810413
2.847129506008011
2.84913217623498
2.8511348464619495
2.8531375166889186
2.8551401869158877
2.857142857142857
2.8591455273698263
2.861148197596796
2.863150867823765
2.8651535380507345
2.8671562082777036
2.869158878504673
2.871161548731642
2.8731642189586113
2.875166889185581
2.87716955941255
2.8791722296395195
2.8811748998664886
2.883177570093458
2.885180240320427
2.8871829105473967
2.889185580774366
2.891188251001335
2.8931909212283045
2.8951935914552736
2.897196261682243
2.899198931909212
2.9012016021361817
2.903204272363151
2.9052069425901204
2.9072096128170895
2.9092122830440585
2.911214953271028
2.913217623497997
2.9152202937249667
2.917222963951936
2.9192256341789053
2.9212283044058744
2.923230974632844
2.925233644859813
2.927236315086782
2.9292389853137517
2.931241655540721
2.9332443257676903
2.9352469959946594
2.937249666221629
2.939252336448598
2.9412550066755676
2.9432576769025367
2.945260347129506
2.9472630173564753
2.9492656875834444
2.951268357810414
2.953271028037383
2.9552736982643526
2.9572763684913217
2.9592790387182912
2.9612817089452603
2.9632843791722294
2.965287049399199
2.967289719626168
2.9692923898531376
2.9712950600801067
2.9732977303070762
2.9753004005340453
2.977303070761015
2.979305740987984
2.9813084112149535
2.9833110814419226
2.9853137516688917
2.987316421895861
2.9893190921228303
2.9913217623498
2.993324432576769
2.9953271028037385
2.9973297730307076
2.999332443257677
3.001335113484646
3.0033377837116153
3.005340453938585
3.007343124165554
3.0093457943925235
3.0113484646194926
3.013351134846462
3.015353805073431
3.0173564753004007
3.01935914552737
3.021361815754339
3.0233644859813085
3.0253671562082776
3.027369826435247
3.029372496662216
3.0313751668891857
3.033377837116155
3.0353805073431244
3.0373831775700935
3.0393858477970626
3.041388518024032
3.043391188251001
3.0453938584779707
3.04739652870494
3.0493991989319094
3.0514018691588785
3.053404539385848
3.055407209612817
3.057409879839786
3.0594125500667557
3.061415220293725
3.0634178905206944
3.0654205607476634
3.067423230974633
3.069425901201602
3.0714285714285716
3.0734312416555407
3.07543391188251
3.0774365821094793
3.0794392523364484
3.081441922563418
3.083444592790387
3.0854472630173566
3.0874499332443257
3.0894526034712952
3.0914552736982643
3.0934579439252334
3.095460614152203
3.097463284379172
3.0994659546061416
3.1014686248331107
3.1034712950600802
3.1054739652870493
3.107476635514019
3.109479305740988
3.111481975967957
3.1134846461949266
3.1154873164218957
3.1174899866488652
3.1194926568758343
3.121495327102804
3.123497997329773
3.1255006675567425
3.1275033377837116
3.129506008010681
3.1315086782376502
3.1335113484646193
3.135514018691589
3.137516688918558
3.1395193591455275
3.1415220293724966
3.143524699599466
3.145527369826435
3.1475300400534048
3.149532710280374
3.151535380507343
3.1535380507343125
3.1555407209612816
3.157543391188251
3.15954606141522
3.1615487316421897
3.163551401869159
3.1655540720961284
3.1675567423230975
3.1695594125500666
3.171562082777036
3.173564753004005
3.1755674232309747
3.177570093457944
3.1795727636849134
3.1815754339118825
3.183578104138852
3.185580774365821
3.18758344459279
3.1895861148197597
3.191588785046729
3.1935914552736984
3.1955941255006675
3.197596795727637
3.199599465954606
3.2016021361815756
3.2036048064085447
3.205607476635514
3.2076101468624834
3.2096128170894525
3.211615487316422
3.213618157543391
3.2156208277703606
3.2176234979973297
3.2196261682242993
3.2216288384512684
3.2236315086782374
3.225634178905207
3.227636849132176
3.2296395193591456
3.2316421895861147
3.2336448598130842
3.2356475300400533
3.237650200267023
3.239652870493992
3.241655540720961
3.2436582109479306
3.2456608811748997
3.2476635514018692
3.2496662216288383
3.251668891855808
3.253671562082777
3.2556742323097465
3.2576769025367156
3.2596795727636847
3.2616822429906542
3.2636849132176233
3.265687583444593
3.267690253671562
3.2696929238985315
3.2716955941255006
3.27369826435247
3.2757009345794392
3.2777036048064088
3.279706275033378
3.281708945260347
3.2837116154873165
3.2857142857142856
3.287716955941255
3.289719626168224
3.2917222963951938
3.293724966622163
3.2957276368491324
3.2977303070761015
3.2997329773030706
3.30173564753004
3.303738317757009
3.3057409879839788
3.307743658210948
3.3097463284379174
3.3117489986648865
3.313751668891856
3.315754339118825
3.317757009345794
3.3197596795727637
3.321762349799733
3.3237650200267024
3.3257676902536715
3.327770360480641
3.32977303070761
3.3317757009345796
3.3337783711615487
3.335781041388518
3.3377837116154874
3.3397863818424565
3.341789052069426
3.343791722296395
3.3457943925233646
3.3477970627503337
3.3497997329773033
3.3518024032042724
3.3538050734312415
3.355807743658211
3.35781041388518
3.3598130841121496
3.3618157543391187
3.3638184245660883
3.3658210947930574
3.367823765020027
3.369826435246996
3.371829105473965
3.3738317757009346
3.3758344459279037
3.3778371161548733
3.3798397863818423
3.381842456608812
3.383845126835781
3.3858477970627505
3.3878504672897196
3.3898531375166887
3.3918558077436582
3.3938584779706273
3.395861148197597
3.397863818424566
3.3998664886515355
3.4018691588785046
3.403871829105474
3.4058744993324432
3.4078771695594123
3.409879839786382
3.411882510013351
3.4138851802403205
3.4158878504672896
3.417890520694259
3.4198931909212282
3.4218958611481978
3.423898531375167
3.4259012016021364
3.4279038718291055
3.4299065420560746
3.431909212283044
3.4339118825100132
3.4359145527369828
3.437917222963952
3.4399198931909214
3.4419225634178905
3.44392523364486
3.445927903871829
3.447930574098798
3.4499332443257678
3.451935914552737
3.4539385847797064
3.4559412550066755
3.457943925233645
3.459946595460614
3.4619492656875837
3.4639519359145527
3.465954606141522
3.4679572763684914
3.4699599465954605
3.47196261682243
3.473965287049399
3.4759679572763686
3.4779706275033377
3.4799732977303073
3.4819759679572764
3.4839786381842455
3.485981308411215
3.487983978638184
3.4899866488651536
3.4919893190921227
3.4939919893190923
3.4959946595460614
3.497997329773031
3.5
