3.5
3.4979973297730305
3.4959946595460614
3.493991989319092
3.4919893190921227
3.489986648865153
3.487983978638184
3.4859813084112146
3.4839786381842455
3.4819759679572764
3.479973297730307
3.4779706275033377
3.475967957276368
3.473965287049399
3.4719626168224296
3.4699599465954605
3.467957276368491
3.465954606141522
3.4639519359145527
3.461949265687583
3.459946595460614
3.4579439252336446
3.4559412550066755
3.453938584779706
3.451935914552737
3.4499332443257673
3.447930574098798
3.445927903871829
3.4439252336448596
3.4419225634178905
3.439919893190921
3.437917222963952
3.4359145527369823
3.4339118825100132
3.4319092122830437
3.4299065420560746
3.4279038718291055
3.425901201602136
3.423898531375167
3.4218958611481973
3.4198931909212282
3.4178905206942587
3.4158878504672896
3.41388518024032
3.411882510013351
3.409879839786382
3.4078771695594123
3.4058744993324432
3.4038718291054737
3.4018691588785046
3.399866488651535
3.397863818424566
3.3958611481975964
3.3938584779706273
3.3918558077436582
3.3898531375166887
3.3878504672897196
3.38584779706275
3.383845126835781
3.3818424566088114
3.3798397863818423
3.377837116154873
3.3758344459279037
3.3738317757009346
3.371829105473965
3.369826435246996
3.3678237650200264
3.3658210947930574
3.363818424566088
3.3618157543391187
3.359813084112149
3.35781041388518
3.3558077436582106
3.3538050734312415
3.3518024032042724
3.349799732977303
3.3477970627503337
3.345794392523364
3.343791722296395
3.3417890520694256
3.3397863818424565
3.337783711615487
3.335781041388518
3.3337783711615487
3.331775700934579
3.32977303070761
3.3277703604806406
3.3257676902536715
3.323765020026702
3.321762349799733
3.3197596795727633
3.317757009345794
3.315754339118825
3.3137516688918556
3.3117489986648865
3.309746328437917
3.307743658210948
3.3057409879839783
3.303738317757009
3.3017356475300397
3.2997329773030706
3.2977303070761015
3.295727636849132
3.293724966622163
3.2917222963951933
3.289719626168224
3.2877169559412547
3.2857142857142856
3.283711615487316
3.281708945260347
3.279706275033378
3.2777036048064083
3.2757009345794392
3.2736982643524697
3.2716955941255006
3.269692923898531
3.267690253671562
3.2656875834445924
3.2636849132176233
3.2616822429906542
3.2596795727636847
3.2576769025367156
3.255674232309746
3.253671562082777
3.2516688918558074
3.2496662216288383
3.247663551401869
3.2456608811748997
3.2436582109479306
3.241655540720961
3.239652870493992
3.2376502002670224
3.2356475300400533
3.233644859813084
3.2316421895861147
3.229639519359145
3.227636849132176
3.225634178905207
3.2236315086782374
3.2216288384512684
3.219626168224299
3.2176234979973297
3.21562082777036
3.213618157543391
3.2116154873164215
3.2096128170894525
3.207610146862483
3.205607476635514
3.2036048064085447
3.201602136181575
3.199599465954606
3.1975967957276366
3.1955941255006675
3.193591455273698
3.191588785046729
3.1895861148197593
3.18758344459279
3.185580774365821
3.1835781041388516
3.1815754339118825
3.179572763684913
3.177570093457944
3.1755674232309743
3.173564753004005
3.1715620827770357
3.1695594125500666
3.1675567423230975
3.165554072096128
3.163551401869159
3.1615487316421893
3.15954606141522
3.1575433911882507
3.1555407209612816
3.153538050734312
3.151535380507343
3.149532710280374
3.1475300400534043
3.145527369826435
3.1435246995994657
3.1415220293724966
3.139519359145527
3.137516688918558
3.1355140186915884
3.1335113484646193
3.1315086782376502
3.1295060080106807
3.1275033377837116
3.125500667556742
3.123497997329773
3.1214953271028034
3.1194926568758343
3.117489986648865
3.1154873164218957
3.1134846461949266
3.111481975967957
3.109479305740988
3.1074766355140184
3.1054739652870493
3.10347129506008
3.1014686248331107
3.099465954606141
3.097463284379172
3.095460614152203
3.0934579439252334
3.0914552736982643
3.089452603471295
3.0874499332443257
3.085447263017356
3.083444592790387
3.0814419225634175
3.0794392523364484
3.0774365821094793
3.07543391188251
3.0734312416555407
3.071428571428571
3.069425901201602
3.0674232309746325
3.0654205607476634
3.063417890520694
3.061415220293725
3.0594125500667553
3.057409879839786
3.055407209612817
3.0534045393858475
3.0514018691588785
3.049399198931909
3.04739652870494
3.0453938584779703
3.043391188251001
3.0413885180240317
3.0393858477970626
3.0373831775700935
3.035380507343124
3.033377837116155
3.0313751668891853
3.029372496662216
3.0273698264352467
3.0253671562082776
3.023364485981308
3.021361815754339
3.01935914552737
3.0173564753004003
3.015353805073431
3.0133511348464617
3.0113484646194926
3.009345794392523
3.007343124165554
3.0053404539385844
3.0033377837116153
3.001335113484646
2.9993324432576767
2.9973297730307076
2.995327102803738
2.993324432576769
2.9913217623497994
2.9893190921228303
2.9873164218958608
2.9853137516688917
2.9833110814419226
2.981308411214953
2.979305740987984
2.9773030707610144
2.9753004005340453
2.973297730307076
2.9712950600801067
2.969292389853137
2.967289719626168
2.965287049399199
2.9632843791722294
2.9612817089452603
2.959279038718291
2.9572763684913217
2.955273698264352
2.953271028037383
2.9512683578104135
2.9492656875834444
2.9472630173564753
2.945260347129506
2.9432576769025367
2.941255006675567
2.939252336448598
2.9372496662216285
2.9352469959946594
2.93324432576769
2.931241655540721
2.9292389853137517
2.927236315086782
2.925233644859813
2.9232309746328435
2.9212283044058744
2.919225634178905
2.917222963951936
2.9152202937249663
2.913217623497997
2.9112149532710276
2.9092122830440585
2.9072096128170895
2.90520694259012
2.903204272363151
2.9012016021361813
2.899198931909212
2.8971962616822426
2.8951935914552736
2.893190921228304
2.891188251001335
2.889185580774366
2.8871829105473963
2.885180240320427
2.8831775700934577
2.8811748998664886
2.879172229639519
2.87716955941255
2.8751668891855804
2.8731642189586113
2.871161548731642
2.8691588785046727
2.8671562082777036
2.865153538050734
2.863150867823765
2.8611481975967954
2.8591455273698263
2.8571428571428568
2.8551401869158877
2.8531375166889186
2.851134846461949
2.84913217623498
2.8471295060080104
2.8451268357810413
2.8431241655540718
2.8411214953271027
2.839118825100133
2.837116154873164
2.835113484646195
2.8331108144192254
2.8311081441922563
2.8291054739652868
2.8271028037383177
2.825100133511348
2.823097463284379
2.8210947930574095
2.8190921228304404
2.8170894526034713
2.815086782376502
2.8130841121495327
2.811081441922563
2.809078771695594
2.8070761014686245
2.8050734312416554
2.803070761014686
2.801068090787717
2.7990654205607477
2.797062750333778
2.795060080106809
2.7930574098798395
2.7910547396528704
2.789052069425901
2.787049399198932
2.7850467289719623
2.783044058744993
2.781041388518024
2.7790387182910545
2.7770360480640854
2.775033377837116
2.773030707610147
2.7710280373831773
2.769025367156208
2.7670226969292386
2.7650200267022695
2.7630173564753
2.761014686248331
2.759012016021362
2.7570093457943923
2.755006675567423
2.7530040053404536
2.7510013351134845
2.748998664886515
2.746995994659546
2.7449933244325764
2.7429906542056073
2.740987983978638
2.7389853137516686
2.7369826435246996
2.73497997329773
2.732977303070761
2.7309746328437914
2.7289719626168223
2.7269692923898528
2.7249666221628837
2.7229639519359146
2.720961281708945
2.718958611481976
2.7169559412550064
2.7149532710280373
2.7129506008010678
2.7109479305740987
2.708945260347129
2.70694259012016
2.704939919893191
2.7029372496662214
2.7009345794392523
2.6989319092122828
2.6969292389853137
2.694926568758344
2.692923898531375
2.6909212283044055
2.6889185580774364
2.6869158878504673
2.6849132176234978
2.6829105473965287
2.680907877169559
2.67890520694259
2.6769025367156205
2.6748998664886514
2.672897196261682
2.670894526034713
2.6688918558077437
2.666889185580774
2.664886515353805
2.6628838451268355
2.6608811748998664
2.658878504672897
2.656875834445928
2.6548731642189582
2.652870493991989
2.65086782376502
2.6488651535380505
2.6468624833110814
2.644859813084112
2.642857142857143
2.6408544726301733
2.638851802403204
2.6368491321762346
2.6348464619492655
2.6328437917222964
2.630841121495327
2.628838451268358
2.6268357810413883
2.624833110814419
2.6228304405874496
2.6208277703604805
2.618825100133511
2.616822429906542
2.6148197596795724
2.6128170894526033
2.610814419225634
2.6088117489986646
2.6068090787716955
2.604806408544726
2.602803738317757
2.6008010680907874
2.5987983978638183
2.5967957276368487
2.5947930574098796
2.5927903871829105
2.590787716955941
2.588785046728972
2.5867823765020024
2.5847797062750333
2.5827770360480637
2.5807743658210947
2.578771695594125
2.576769025367156
2.574766355140187
2.5727636849132174
2.5707610146862483
2.5687583444592788
2.5667556742323097
2.56475300400534
2.562750333778371
2.5607476635514015
2.5587449933244324
2.5567423230974633
2.5547396528704938
2.5527369826435247
2.550734312416555
2.548731642189586
2.5467289719626165
2.5447263017356474
2.542723631508678
2.5407209612817088
2.5387182910547397
2.53671562082777
2.534712950600801
2.5327102803738315
2.5307076101468624
2.528704939919893
2.5267022696929238
2.5246995994659542
2.522696929238985
2.520694259012016
2.5186915887850465
2.5166889185580774
2.514686248331108
2.512683578104139
2.5106809078771692
2.5086782376502
2.5066755674232306
2.5046728971962615
2.5026702269692924
2.500667556742323
2.498664886515354
2.4966622162883843
2.494659546061415
2.4926568758344456
2.4906542056074765
2.488651535380507
2.486648865153538
2.484646194926569
2.4826435246995993
2.48064085447263
2.4786381842456606
2.4766355140186915
2.474632843791722
2.472630173564753
2.4706275033377834
2.4686248331108143
2.466622162883845
2.4646194926568756
2.4626168224299065
2.460614152202937
2.458611481975968
2.4566088117489984
2.4546061415220293
2.4526034712950597
2.4506008010680906
2.448598130841121
2.446595460614152
2.444592790387183
2.4425901201602134
2.4405874499332443
2.4385847797062747
2.4365821094793056
2.434579439252336
2.432576769025367
2.4305740987983975
2.4285714285714284
2.4265687583444593
2.4245660881174897
2.4225634178905207
2.420560747663551
2.418558077436582
2.4165554072096125
2.4145527369826434
2.412550066755674
2.4105473965287048
2.4085447263017357
2.406542056074766
2.404539385847797
2.4025367156208275
2.4005340453938584
2.398531375166889
2.3965287049399198
2.3945260347129502
2.392523364485981
2.390520694259012
2.3885180240320425
2.3865153538050734
2.384512683578104
2.3825100133511348
2.3805073431241652
2.378504672897196
2.3765020026702266
2.3744993324432575
2.3724966622162884
2.370493991989319
2.3684913217623498
2.3664886515353802
2.364485981308411
2.3624833110814416
2.3604806408544725
2.358477970627503
2.356475300400534
2.354472630173565
2.3524699599465952
2.350467289719626
2.3484646194926566
2.3464619492656875
2.344459279038718
2.342456608811749
2.3404539385847793
2.3384512683578103
2.336448598130841
2.3344459279038716
2.3324432576769025
2.330440587449933
2.328437917222964
2.3264352469959944
2.3244325767690253
2.3224299065420557
2.3204272363150866
2.3184245660881175
2.316421895861148
2.314419225634179
2.3124165554072094
2.3104138851802403
2.3084112149532707
2.3064085447263016
2.304405874499332
2.302403204272363
2.3004005340453935
2.2983978638184244
2.2963951935914553
2.2943925233644857
2.2923898531375166
2.290387182910547
2.288384512683578
2.2863818424566085
2.2843791722296394
2.28237650200267
2.2803738317757007
2.2783711615487316
2.276368491321762
2.274365821094793
2.2723631508678235
2.2703604806408544
2.268357810413885
2.2663551401869158
2.264352469959946
2.262349799732977
2.260347129506008
2.2583444592790385
2.2563417890520694
2.2543391188251
2.2523364485981308
2.250333778371161
2.248331108144192
2.2463284379172226
2.2443257676902535
2.2423230974632844
2.240320427236315
2.2383177570093458
2.2363150867823762
2.234312416555407
2.2323097463284376
2.2303070761014685
2.228304405874499
2.22630173564753
2.2242990654205608
2.2222963951935912
2.220293724966622
2.2182910547396526
2.2162883845126835
2.214285714285714
2.212283044058745
2.2102803738317753
2.2082777036048062
2.206275033377837
2.2042723631508676
2.2022696929238985
2.200267022696929
2.19826435246996
2.1962616822429903
2.1942590120160212
2.1922563417890517
2.1902536715620826
2.1882510013351135
2.186248331108144
2.184245660881175
2.1822429906542054
2.1802403204272363
2.1782376502002667
2.1762349799732976
2.174232309746328
2.172229639519359
2.17022696929239
2.1682242990654204
2.1662216288384513
2.1642189586114817
2.1622162883845126
2.160213618157543
2.158210947930574
2.1562082777036045
2.1542056074766354
2.152202937249666
2.1502002670226967
2.1481975967957276
2.146194926568758
2.144192256341789
2.1421895861148195
2.1401869158878504
2.138184245660881
2.1361815754339117
2.134178905206942
2.132176234979973
2.130173564753004
2.1281708945260345
2.1261682242990654
2.124165554072096
2.1221628838451267
2.120160213618157
2.118157543391188
2.1161548731642186
2.1141522029372495
2.1121495327102804
2.110146862483311
2.1081441922563418
2.106141522029372
2.104138851802403
2.1021361815754336
2.1001335113484645
2.098130841121495
2.096128170894526
2.0941255006675568
2.0921228304405872
2.090120160213618
2.0881174899866486
2.0861148197596795
2.08411214953271
2.082109479305741
2.0801068090787713
2.0781041388518022
2.076101468624833
2.0740987983978636
2.0720961281708945
2.070093457943925
2.068090787716956
2.0660881174899863
2.0640854472630172
2.0620827770360477
2.0600801068090786
2.0580774365821095
2.05607476635514
2.054072096128171
2.0520694259012013
2.0500667556742322
2.0480640854472627
2.0460614152202936
2.044058744993324
2.042056074766355
2.040053404539386
2.0380507343124163
2.0360480640854473
2.0340453938584777
2.0320427236315086
2.030040053404539
2.02803738317757
2.0260347129506004
2.0240320427236314
2.0220293724966623
2.0200267022696927
2.0180240320427236
2.016021361815754
2.014018691588785
2.0120160213618155
2.0100133511348464
2.008010680907877
2.0060080106809077
2.004005340453938
2.002002670226969
1.9999999999999998
