3.5	3.41641E-11	3.12376E-11
3.48998	3.26141E-11	2.99154E-11
3.47997	3.12104E-11	2.898E-11
3.46995	2.99173E-11	2.79956E-11
3.45994	2.84859E-11	2.68346E-11
3.44992	2.72978E-11	2.60569E-11
3.43991	2.59195E-11	2.49529E-11
3.42989	2.47392E-11	2.37499E-11
3.41988	2.35639E-11	2.28341E-11
3.40986	2.26542E-11	2.19936E-11
3.39985	2.15827E-11	2.08731E-11
3.38983	2.04726E-11	1.99329E-11
3.37982	1.95654E-11	1.89242E-11
3.3698	1.85352E-11	1.75748E-11
3.35978	1.75459E-11	1.65086E-11
3.34977	1.67525E-11	1.54261E-11
3.33975	1.59325E-11	1.41897E-11
3.32974	1.51536E-11	1.31314E-11
3.31972	1.42827E-11	1.21257E-11
3.30971	1.35579E-11	1.10181E-11
3.29969	1.29152E-11	1.00654E-11
3.28968	1.21733E-11	9.12961E-12
3.27966	1.14821E-11	8.36157E-12
3.26965	1.08843E-11	7.67555E-12
3.25963	1.04263E-11	7.01966E-12
3.24961	9.78461E-12	6.40562E-12
3.2396	9.27612E-12	5.90748E-12
3.22958	8.86893E-12	5.51105E-12
3.21957	8.34366E-12	5.10296E-12
3.20955	7.9923E-12	4.73875E-12
3.19954	7.57399E-12	4.41352E-12
3.18952	7.2114E-12	4.09094E-12
3.17951	6.83729E-12	3.80786E-12
3.16949	6.44839E-12	3.64999E-12
3.15948	6.15226E-12	3.3992E-12
3.14946	5.83022E-12	3.19364E-12
3.13945	5.51991E-12	3.06233E-12
3.12943	5.24349E-12	2.80706E-12
3.11941	4.93532E-12	2.64781E-12
3.1094	4.69384E-12	2.57748E-12
3.09938	4.42283E-12	2.42577E-12
3.08937	4.24899E-12	2.25599E-12
3.07935	4.03725E-12	2.161E-12
3.06934	3.7336E-12	2.04565E-12
3.05932	3.59486E-12	1.92648E-12
3.04931	3.38578E-12	1.86145E-12
3.03929	3.30372E-12	1.72998E-12
3.02928	3.06577E-12	1.64244E-12
3.01926	2.92994E-12	1.55224E-12
3.00924	2.7462E-12	1.47938E-12
2.99923	2.60935E-12	1.36359E-12
2.98921	2.43357E-12	1.32007E-12
2.9792	2.35957E-12	1.27224E-12
2.96918	2.22614E-12	1.20597E-12
2.95917	2.07403E-12	1.12115E-12
2.94915	1.98873E-12	1.05533E-12
2.93914	1.83539E-12	9.93369E-13
2.92912	1.70887E-12	9.36381E-13
2.91911	1.6487E-12	8.8533E-13
2.90909	1.57936E-12	8.41664E-13
2.89908	1.51534E-12	7.64186E-13
2.88906	1.39618E-12	7.37556E-13
2.87904	1.29772E-12	6.76734E-13
2.86903	1.19994E-12	6.14892E-13
2.85901	1.1694E-12	6.13247E-13
2.849	1.14703E-12	5.67823E-13
2.83898	1.06113E-12	5.22387E-13
2.82897	1.00144E-12	4.70609E-13
2.81895	9.31139E-13	4.55529E-13
2.80894	8.88255E-13	3.64827E-13
2.79892	8.79864E-13	3.68302E-13
2.78891	8.10235E-13	3.6463E-13
2.77889	8.33342E-13	3.06437E-13
2.76888	7.72482E-13	2.81085E-13
2.75886	7.33595E-13	2.41218E-13
2.74884	6.84382E-13	1.76987E-13
2.73883	6.34701E-13	1.52474E-13
2.72881	5.62289E-13	1.25463E-13
2.7188	6.20074E-13	1.05648E-13
2.70878	5.44232E-13	8.29314E-14
2.69877	4.95832E-13	3.52874E-14
2.68875	4.4146E-13	6.1872E-14
2.67874	3.81214E-13	-2.44843E-14
2.66872	3.77379E-13	-3.88519E-14
2.65871	3.40835E-13	-5.60778E-14
2.64869	3.18791E-13	-6.39341E-14
2.63867	2.54149E-13	-9.67876E-14
2.62866	2.54223E-13	-1.37098E-13
2.61864	2.09275E-13	-1.35357E-13
2.60863	1.44568E-13	-1.64632E-13
2.59861	1.18094E-13	-1.53706E-13
2.5886	1.25124E-13	-2.1508E-13
2.57858	7.70115E-14	-2.21189E-13
2.56857	6.57258E-14	-2.39316E-13
2.55855	-1.38103E-15	-2.5738E-13
2.54854	3.34998E-15	-2.88409E-13
2.53852	6.98831E-15	-2.89362E-13
2.52851	-7.97314E-14	-3.23593E-13
2.51849	-7.25838E-14	-3.51595E-13
2.50847	-3.71152E-14	-3.58825E-13
2.49846	-7.99739E-14	-3.47892E-13
2.48844	-9.30041E-14	-3.34509E-13
2.47843	-1.12341E-13	-3.63639E-13
2.46841	-1.51097E-13	-3.37807E-13
2.4584	-2.12088E-13	-3.87737E-13
2.44838	-2.15704E-13	-3.6773E-13
2.43837	-2.00349E-13	-3.09681E-13
2.42835	-2.22374E-13	-3.2056E-13
2.41834	-2.28024E-13	-2.84723E-13
2.40832	-2.28159E-13	-3.37224E-13
2.3983	-2.23342E-13	-3.32182E-13
2.38829	-2.22728E-13	-3.50853E-13
2.37827	-2.49529E-13	-2.47868E-13
2.36826	-2.73845E-13	-2.50165E-13
2.35824	-2.46086E-13	-2.05923E-13
2.34823	-2.56646E-13	-2.34479E-13
2.33821	-1.88765E-13	-2.07656E-13
2.3282	-2.25422E-13	-1.63898E-13
2.31818	-2.03495E-13	-2.00515E-13
2.30817	-2.53568E-13	-2.07667E-13
2.29815	-2.19947E-13	-1.47544E-13
2.28814	-1.98614E-13	-1.23919E-13
2.27812	-1.8412E-13	-1.03431E-13
2.2681	-1.97661E-13	-1.15784E-13
2.25809	-2.573E-13	-8.04027E-14
2.24807	-1.77243E-13	-4.0689E-14
2.23806	-1.8865E-13	-1.02936E-14
2.22804	-1.81998E-13	-4.23748E-15
2.21803	-1.39038E-13	3.30946E-14
2.20801	-1.47985E-13	7.53395E-14
2.198	-1.61103E-13	6.57752E-14
2.18798	-9.8538E-14	1.23218E-13
2.17797	-6.26246E-14	1.44246E-13
2.16795	-8.7529E-14	1.58946E-13
2.15794	-5.52346E-14	1.79027E-13
2.14792	-6.68978E-14	2.56075E-13
2.1379	-3.28266E-14	2.85645E-13
2.12789	-3.59815E-14	2.48201E-13
2.11787	-3.43096E-14	2.65531E-13
2.10786	1.34426E-14	3.16289E-13
2.09784	5.84529E-14	3.73482E-13
2.08783	8.75757E-14	3.33968E-13
2.07781	8.37497E-14	3.57342E-13
2.0678	4.90125E-14	4.64657E-13
2.05778	9.09406E-14	4.6943E-13
2.04777	7.90034E-14	4.86848E-13
2.03775	1.31716E-13	4.57116E-13
2.02773	1.24759E-13	4.77595E-13
2.01772	2.03147E-13	5.57014E-13
2.0077	2.47543E-13	5.71748E-13
1.99769	1.87298E-13	5.47395E-13
1.98767	2.53905E-13	6.13665E-13
1.97766	2.48901E-13	6.16298E-13
1.96764	2.45863E-13	6.52822E-13
1.95763	3.15377E-13	6.96514E-13
1.94761	3.59942E-13	7.31074E-13
1.9376	3.1417E-13	7.51814E-13
1.92758	3.54704E-13	7.50508E-13
1.91757	4.271E-13	8.44958E-13
1.90755	4.21833E-13	8.10085E-13
1.89753	4.37005E-13	8.57434E-13
1.88752	4.62212E-13	8.90932E-13
1.8775	4.85316E-13	8.80822E-13
1.86749	5.33557E-13	9.11072E-13
1.85747	5.64949E-13	9.58021E-13
1.84746	4.85313E-13	9.98114E-13
1.83744	6.13133E-13	1.03926E-12
1.82743	6.0109E-13	1.03847E-12
1.81741	5.81036E-13	1.0135E-12
1.8074	6.39674E-13	1.05573E-12
1.79738	6.66254E-13	1.07959E-12
1.78737	6.68526E-13	1.13274E-12
1.77735	6.95738E-13	1.12465E-12
1.76733	7.54833E-13	1.1552E-12
1.75732	7.61911E-13	1.17501E-12
1.7473	7.96618E-13	1.21481E-12
1.73729	8.28105E-13	1.21174E-12
1.72727	7.87157E-13	1.23038E-12
1.71726	8.39294E-13	1.24248E-12
1.70724	8.3288E-13	1.28449E-12
1.69723	8.76506E-13	1.22813E-12
1.68721	9.07481E-13	1.27741E-12
1.6772	9.58595E-13	1.30647E-12
1.66718	9.38048E-13	1.32022E-12
1.65716	9.84832E-13	1.34937E-12
1.64715	1.02903E-12	1.32883E-12
1.63713	9.88544E-13	1.32772E-12
1.62712	1.02547E-12	1.3258E-12
1.6171	1.03518E-12	1.3765E-12
1.60709	1.0624E-12	1.40645E-12
1.59707	1.09438E-12	1.38625E-12
1.58706	1.11373E-12	1.40332E-12
1.57704	1.0826E-12	1.40774E-12
1.56703	1.13113E-12	1.41302E-12
1.55701	1.13224E-12	1.37832E-12
1.547	1.04715E-12	1.4032E-12
1.53698	1.06301E-12	1.36225E-12
1.52696	1.10647E-12	1.41188E-12
1.51695	1.0483E-12	1.39178E-12
1.50693	1.10207E-12	1.38532E-12
1.49692	1.10125E-12	1.38983E-12
1.4869	1.03246E-12	1.39999E-12
1.47689	1.06916E-12	1.37858E-12
1.46687	9.69367E-13	1.409E-12
1.45686	1.06305E-12	1.41265E-12
1.44684	1.05434E-12	1.42542E-12
1.43683	1.06665E-12	1.4432E-12
1.42681	1.04875E-12	1.4341E-12
1.4168	1.07992E-12	1.39175E-12
1.40678	1.0391E-12	1.44401E-12
1.39676	9.78466E-13	1.40292E-12
1.38675	1.03455E-12	1.41404E-12
1.37673	1.02205E-12	1.39228E-12
1.36672	1.0244E-12	1.40562E-12
1.3567	1.00369E-12	1.41507E-12
1.34669	1.01966E-12	1.38494E-12
1.33667	1.04631E-12	1.37918E-12
1.32666	1.00426E-12	1.41867E-12
1.31664	1.00588E-12	1.41403E-12
1.30663	1.00656E-12	1.36039E-12
1.29661	9.95259E-13	1.39203E-12
1.28659	1.06074E-12	1.40655E-12
1.27658	1.01469E-12	1.3578E-12
1.26656	1.09096E-12	1.3723E-12
1.25655	1.10744E-12	1.38549E-12
1.24653	1.10008E-12	1.4131E-12
1.23652	1.14403E-12	1.38455E-12
1.2265	1.14014E-12	1.45804E-12
1.21649	1.1927E-12	1.44684E-12
1.20647	1.19805E-12	1.40158E-12
1.19646	1.25641E-12	1.42536E-12
1.18644	1.21307E-12	1.42545E-12
1.17643	1.26785E-12	1.41803E-12
1.16641	1.28299E-12	1.43799E-12
1.15639	1.25185E-12	1.41262E-12
1.14638	1.33161E-12	1.4523E-12
1.13636	1.35947E-12	1.40991E-12
1.12635	1.34568E-12	1.3965E-12
1.11633	1.39919E-12	1.39524E-12
1.10632	1.44245E-12	1.40947E-12
1.0963	1.41766E-12	1.38283E-12
1.08629	1.45981E-12	1.37118E-12
1.07627	1.4958E-12	1.40557E-12
1.06626	1.51738E-12	1.3976E-12
1.05624	1.50514E-12	1.39386E-12
1.04622	1.52869E-12	1.35938E-12
1.03621	1.5295E-12	1.38691E-12
1.02619	1.55723E-12	1.31976E-12
1.01618	1.59232E-12	1.30223E-12
1.00616	1.56291E-12	1.27388E-12
0.99615	1.57974E-12	1.28156E-12
0.98613	1.55544E-12	1.29382E-12
0.97612	1.52628E-12	1.23697E-12
0.9661	1.53635E-12	1.24989E-12
0.95609	1.51228E-12	1.22918E-12
0.94607	1.50618E-12	1.17998E-12
0.93606	1.54083E-12	1.17366E-12
0.92604	1.52944E-12	1.15334E-12
0.91602	1.5229E-12	1.16082E-12
0.90601	1.4906E-12	1.09827E-12
0.89599	1.46704E-12	1.13488E-12
0.88598	1.47446E-12	1.10298E-12
0.87596	1.48571E-12	1.08256E-12
0.86595	1.45467E-12	1.10544E-12
0.85593	1.3973E-12	1.03033E-12
0.84592	1.39605E-12	1.05402E-12
0.8359	1.40501E-12	1.01086E-12
0.82589	1.38631E-12	9.69808E-13
0.81587	1.38956E-12	9.94077E-13
0.80586	1.34646E-12	9.67248E-13
0.79584	1.3776E-12	9.49242E-13
0.78582	1.38984E-12	9.4991E-13
0.77581	1.35899E-12	9.46505E-13
0.76579	1.35593E-12	8.87187E-13
0.75578	1.33347E-12	9.0872E-13
0.74576	1.32537E-12	8.95845E-13
0.73575	1.32629E-12	8.58908E-13
0.72573	1.30098E-12	8.98987E-13
0.71572	1.2174E-12	8.58752E-13
0.7057	1.24203E-12	8.29091E-13
0.69569	1.25107E-12	8.13866E-13
0.68567	1.1923E-12	8.36626E-13
0.67565	1.17957E-12	8.05767E-13
0.66564	1.15882E-12	7.9592E-13
0.65562	1.12464E-12	7.30289E-13
0.64561	1.12058E-12	7.43049E-13
0.63559	1.13875E-12	7.31191E-13
0.62558	1.08163E-12	7.11927E-13
0.61556	1.07587E-12	7.00901E-13
0.60555	1.0495E-12	6.88953E-13
0.59553	1.03041E-12	6.65378E-13
0.58552	9.88841E-13	6.41699E-13
0.5755	1.02581E-12	6.28475E-13
0.56549	9.76441E-13	6.68944E-13
0.55547	9.76509E-13	6.46272E-13
0.54545	1.0047E-12	6.0721E-13
0.53544	9.88538E-13	6.01687E-13
0.52542	9.48248E-13	6.21397E-13
0.51541	9.38459E-13	6.06939E-13
0.50539	9.12835E-13	5.1055E-13
0.49538	9.0359E-13	5.80788E-13
0.48536	8.64808E-13	5.73797E-13
0.47535	8.43787E-13	5.18492E-13
0.46533	8.41013E-13	5.12817E-13
0.45532	8.44585E-13	5.27749E-13
0.4453	8.02063E-13	5.17445E-13
0.43529	8.22338E-13	5.45216E-13
0.42527	8.35925E-13	5.07966E-13
0.41525	8.08611E-13	4.95401E-13
0.40524	7.96307E-13	4.94437E-13
0.39522	8.10376E-13	5.10333E-13
0.38521	7.76607E-13	4.72366E-13
0.37519	7.77589E-13	4.8181E-13
0.36518	7.75154E-13	4.52378E-13
0.35516	7.97842E-13	4.67089E-13
0.34515	7.7028E-13	4.8132E-13
0.33513	7.97571E-13	5.11629E-13
0.32512	7.77861E-13	4.96884E-13
0.3151	7.82984E-13	5.01016E-13
0.30508	8.22808E-13	4.68448E-13
0.29507	8.17281E-13	5.02541E-13
0.28505	8.33234E-13	5.13853E-13
0.27504	8.54502E-13	5.20946E-13
0.26502	8.33788E-13	4.97175E-13
0.25501	8.53995E-13	5.15915E-13
0.24499	8.6108E-13	5.34073E-13
0.23498	8.63015E-13	5.35743E-13
0.22496	8.95493E-13	5.68448E-13
0.21495	9.11579E-13	5.46107E-13
0.20493	8.95629E-13	5.70239E-13
0.19492	8.79941E-13	5.48668E-13
0.1849	8.39565E-13	5.02781E-13
0.17488	8.38318E-13	5.60826E-13
0.16487	8.3812E-13	4.98689E-13
0.15485	7.95137E-13	5.02241E-13
0.14484	7.81401E-13	5.29017E-13
0.13482	7.54472E-13	4.97969E-13
0.12481	7.69738E-13	5.04114E-13
0.11479	7.54433E-13	4.75413E-13
0.10478	7.27341E-13	4.88296E-13
0.09476	7.75402E-13	4.86465E-13
0.08475	7.68544E-13	4.97681E-13
0.07473	7.25451E-13	4.96149E-13
0.06471	7.26027E-13	4.36186E-13
0.0547	7.1451E-13	4.34198E-13
0.04468	6.95573E-13	4.28852E-13
0.03467	6.34293E-13	3.78981E-13
0.02465	6.45409E-13	3.76849E-13
0.01464	5.82175E-13	3.75231E-13
0.00462	5.79174E-13	3.61041E-13
-0.00539	5.26746E-13	3.49191E-13
-0.01541	5.4986E-13	3.78167E-13
-0.02542	5.92621E-13	3.91288E-13
-0.03544	6.22379E-13	3.63667E-13
-0.04545	5.42211E-13	3.66943E-13
-0.05547	5.69991E-13	3.67379E-13
-0.06549	6.07405E-13	3.70978E-13
-0.0755	5.84653E-13	3.71512E-13
-0.08552	5.76504E-13	3.59941E-13
-0.09553	6.04803E-13	3.35429E-13
-0.10555	6.0423E-13	3.81316E-13
-0.11556	5.48918E-13	3.55148E-13
-0.12558	5.50855E-13	3.15284E-13
-0.13559	5.597E-13	3.30996E-13
-0.14561	5.57935E-13	3.54051E-13
-0.15562	5.36986E-13	3.40115E-13
-0.16564	5.21744E-13	3.02162E-13
-0.17565	4.65972E-13	2.73674E-13
-0.18567	4.2324E-13	2.43281E-13
-0.19569	4.23323E-13	2.24623E-13
-0.2057	4.23198E-13	2.09333E-13
-0.21572	4.23984E-13	1.93076E-13
-0.22573	3.92697E-13	2.1574E-13
-0.23575	3.65459E-13	1.84931E-13
-0.24576	4.13E-13	1.5179E-13
-0.25578	3.7472E-13	1.69127E-13
-0.26579	3.66318E-13	1.74681E-13
-0.27581	3.71658E-13	2.00544E-13
-0.28582	3.81707E-13	1.91133E-13
-0.29584	4.08583E-13	1.71405E-13
-0.30586	4.19822E-13	1.85155E-13
-0.31587	4.52465E-13	1.71714E-13
-0.32589	4.73276E-13	2.09121E-13
-0.3359	4.88306E-13	1.95523E-13
-0.34592	4.47044E-13	1.95452E-13
-0.35593	4.28434E-13	2.1308E-13
-0.36595	4.37589E-13	2.16962E-13
-0.37596	4.55454E-13	1.92851E-13
-0.38598	4.32487E-13	2.09223E-13
-0.39599	4.59036E-13	2.21896E-13
-0.40601	4.07002E-13	2.24298E-13
-0.41602	4.37847E-13	1.98947E-13
-0.42604	4.03676E-13	2.02973E-13
-0.43606	4.33471E-13	2.06146E-13
-0.44607	4.4862E-13	2.16217E-13
-0.45609	4.85572E-13	2.26208E-13
-0.4661	4.62365E-13	2.38789E-13
-0.47612	4.64676E-13	2.48547E-13
-0.48613	4.79883E-13	2.34287E-13
-0.49615	4.10777E-13	2.59778E-13
-0.50616	3.77773E-13	2.08255E-13
-0.51618	3.98372E-13	2.54868E-13
-0.52619	3.88941E-13	2.31991E-13
-0.53621	4.27165E-13	2.44179E-13
-0.54623	4.31048E-13	2.15849E-13
-0.55624	3.59854E-13	2.37991E-13
-0.56626	4.17313E-13	2.11175E-13
-0.57627	4.12039E-13	2.24303E-13
-0.58629	3.51683E-13	2.12182E-13
-0.5963	3.71875E-13	2.28537E-13
-0.60632	3.96462E-13	2.49987E-13
-0.61633	3.54483E-13	2.23978E-13
-0.62635	3.46413E-13	2.526E-13
-0.63636	3.78267E-13	2.10402E-13
-0.64638	3.61643E-13	2.46739E-13
-0.65639	3.59946E-13	2.15425E-13
-0.66641	3.43944E-13	2.50289E-13
-0.67643	3.49298E-13	2.14905E-13
-0.68644	3.87927E-13	2.5902E-13
-0.69646	3.93567E-13	2.82746E-13
-0.70647	4.15652E-13	2.83998E-13
-0.71649	4.60673E-13	3.11514E-13
-0.7265	4.64019E-13	2.86946E-13
-0.73652	4.76574E-13	3.34227E-13
-0.74653	5.15368E-13	3.25022E-13
-0.75655	5.29648E-13	3.61855E-13
-0.76656	5.48581E-13	3.89308E-13
-0.77658	5.45873E-13	3.53756E-13
-0.78659	5.74781E-13	4.00044E-13
-0.79661	6.53821E-13	4.00617E-13
-0.80663	6.47632E-13	4.02796E-13
-0.81664	6.8844E-13	4.44572E-13
-0.82666	7.44046E-13	4.48715E-13
-0.83667	7.72017E-13	4.57308E-13
-0.84669	7.67721E-13	4.99766E-13
-0.8567	8.39758E-13	4.87286E-13
-0.86672	8.75666E-13	5.14675E-13
-0.87673	8.92889E-13	5.3675E-13
-0.88675	1.00039E-12	5.66077E-13
-0.89676	1.02104E-12	5.8581E-13
-0.90678	1.09492E-12	5.68697E-13
-0.9168	1.19202E-12	6.20348E-13
-0.92681	1.28703E-12	6.37463E-13
-0.93683	1.38556E-12	6.50357E-13
-0.94684	1.41183E-12	6.38233E-13
-0.95686	1.41954E-12	6.6436E-13
-0.96687	1.4143E-12	6.37806E-13
-0.97689	1.28941E-12	6.42932E-13
-0.9869	1.22079E-12	5.52267E-13
-0.99692	1.18145E-12	5.6603E-13
-1.00693	1.12996E-12	6.05402E-13
-1.01695	1.11257E-12	5.69406E-13
-1.02696	1.0608E-12	5.6594E-13
-1.03698	1.10522E-12	5.62993E-13
-1.047	1.11909E-12	6.10991E-13
-1.05701	1.10793E-12	5.98391E-13
-1.06703	1.09494E-12	5.26224E-13
-1.07704	1.13896E-12	5.33888E-13
-1.08706	1.13178E-12	5.76174E-13
-1.09707	1.11938E-12	5.13279E-13
-1.10709	1.09509E-12	4.91276E-13
-1.1171	1.10141E-12	5.45573E-13
-1.12712	1.12121E-12	5.65174E-13
-1.13713	1.15183E-12	5.69479E-13
-1.14715	1.14085E-12	4.87307E-13
-1.15717	1.15714E-12	5.55923E-13
-1.16718	1.21315E-12	5.41266E-13
-1.1772	1.24268E-12	5.35517E-13
-1.18721	1.28413E-12	5.44257E-13
-1.19723	1.28585E-12	5.57331E-13
-1.20724	1.36255E-12	5.76418E-13
-1.21726	1.38897E-12	5.94603E-13
-1.22727	1.43624E-12	5.54926E-13
-1.23729	1.43462E-12	5.81817E-13
-1.2473	1.44358E-12	5.85696E-13
-1.25732	1.44402E-12	5.6764E-13
-1.26733	1.40101E-12	5.75627E-13
-1.27735	1.37591E-12	5.70132E-13
-1.28737	1.35537E-12	5.26198E-13
-1.29738	1.29425E-12	5.25562E-13
-1.3074	1.28409E-12	5.79677E-13
-1.31741	1.28239E-12	5.88888E-13
-1.32743	1.28815E-12	5.52124E-13
-1.33744	1.23727E-12	6.14512E-13
-1.34746	1.26204E-12	6.04243E-13
-1.35747	1.23939E-12	6.30312E-13
-1.36749	1.18441E-12	6.03483E-13
-1.3775	1.15428E-12	6.15593E-13
-1.38752	1.1095E-12	6.21672E-13
-1.39753	1.04719E-12	6.03639E-13
-1.40755	1.00954E-12	5.98095E-13
-1.41757	9.8948E-13	5.51055E-13
-1.42758	9.27495E-13	5.61273E-13
-1.4376	9.04307E-13	5.09915E-13
-1.44761	8.01639E-13	5.42912E-13
-1.45763	8.58754E-13	5.59542E-13
-1.46764	8.65377E-13	5.48527E-13
-1.47766	8.60542E-13	5.28929E-13
-1.48767	8.98912E-13	5.79515E-13
-1.49769	9.22419E-13	5.77267E-13
-1.5077	9.79676E-13	6.09912E-13
-1.51772	9.876E-13	6.2491E-13
-1.52774	1.08237E-12	6.35291E-13
-1.53775	1.17784E-12	6.56581E-13
-1.54777	1.16515E-12	7.00391E-13
-1.55778	1.19326E-12	7.47515E-13
-1.5678	1.19325E-12	7.57738E-13
-1.57781	1.24801E-12	8.03435E-13
-1.58783	1.30889E-12	7.49253E-13
-1.59784	1.24439E-12	8.16238E-13
-1.60786	1.33714E-12	8.1448E-13
-1.61787	1.36718E-12	7.95355E-13
-1.62789	1.35689E-12	8.79543E-13
-1.6379	1.40367E-12	8.95235E-13
-1.64792	1.41281E-12	8.64979E-13
-1.65794	1.43447E-12	8.75313E-13
-1.66795	1.39006E-12	8.50851E-13
-1.67797	1.43542E-12	8.90119E-13
-1.68798	1.46008E-12	8.7169E-13
-1.698	1.46294E-12	9.21979E-13
-1.70801	1.4793E-12	8.80107E-13
-1.71803	1.54471E-12	9.13471E-13
-1.72804	1.56214E-12	9.36959E-13
-1.73806	1.58081E-12	9.19677E-13
-1.74807	1.6216E-12	9.88902E-13
-1.75809	1.68239E-12	9.50764E-13
-1.76811	1.69E-12	9.84195E-13
-1.77812	1.71158E-12	1.0179E-12
-1.78814	1.74671E-12	1.04095E-12
-1.79815	1.79679E-12	1.0488E-12
-1.80817	1.79505E-12	1.0426E-12
-1.81818	1.82249E-12	1.05665E-12
-1.8282	1.90306E-12	1.09922E-12
-1.83821	1.91734E-12	1.06436E-12
-1.84823	2.00057E-12	1.07166E-12
-1.85824	1.98228E-12	1.09089E-12
-1.86826	2.02943E-12	1.13187E-12
-1.87827	2.10935E-12	1.13275E-12
-1.88829	2.09902E-12	1.15966E-12
-1.89831	2.17473E-12	1.18597E-12
-1.90832	2.1342E-12	1.20195E-12
-1.91834	2.13871E-12	1.21187E-12
-1.92835	2.11406E-12	1.27509E-12
-1.93837	2.1647E-12	1.19762E-12
-1.94838	2.19715E-12	1.17706E-12
-1.9584	2.14349E-12	1.23133E-12
-1.96841	2.10215E-12	1.22873E-12
-1.97843	2.19114E-12	1.22372E-12
-1.98844	2.14776E-12	1.216E-12
-1.99846	2.11318E-12	1.16859E-12
-2.00847	2.1176E-12	1.17515E-12
-2.01849	2.12974E-12	1.16634E-12
-2.02851	2.06871E-12	1.17833E-12
-2.03852	2.10024E-12	1.17559E-12
-2.04854	2.08149E-12	1.17283E-12
-2.05855	2.04422E-12	1.11373E-12
-2.06857	2.06874E-12	1.10078E-12
-2.07858	2.02536E-12	1.12E-12
-2.0886	1.96484E-12	1.12047E-12
-2.09861	1.9852E-12	1.05072E-12
-2.10863	1.91499E-12	1.03233E-12
-2.11864	1.87646E-12	9.68708E-13
-2.12866	1.83195E-12	9.87012E-13
-2.13868	1.76939E-12	9.19835E-13
-2.14869	1.76497E-12	9.0871E-13
-2.15871	1.68014E-12	8.93686E-13
-2.16872	1.64976E-12	8.63411E-13
-2.17874	1.63521E-12	8.34137E-13
-2.18875	1.54038E-12	8.45883E-13
-2.19877	1.56327E-12	8.67937E-13
-2.20878	1.53787E-12	8.70306E-13
-2.2188	1.51885E-12	8.26748E-13
-2.22881	1.49494E-12	8.61469E-13
-2.23883	1.42486E-12	8.69078E-13
-2.24884	1.48528E-12	8.50853E-13
-2.25886	1.47109E-12	8.69944E-13
-2.26888	1.39582E-12	8.82694E-13
-2.27889	1.44875E-12	8.82046E-13
-2.28891	1.47739E-12	8.84519E-13
-2.29892	1.44607E-12	9.15872E-13
-2.30894	1.50988E-12	9.56754E-13
-2.31895	1.49659E-12	9.57676E-13
-2.32897	1.58991E-12	1.00323E-12
-2.33898	1.61417E-12	1.03867E-12
-2.349	1.6305E-12	1.11139E-12
-2.35901	1.63507E-12	1.1235E-12
-2.36903	1.68669E-12	1.17226E-12
-2.37905	1.81591E-12	1.19869E-12
-2.38906	1.86447E-12	1.26056E-12
-2.39908	1.99177E-12	1.30144E-12
-2.40909	2.09235E-12	1.3006E-12
-2.41911	2.16117E-12	1.42855E-12
-2.42912	2.23109E-12	1.44895E-12
-2.43914	2.39485E-12	1.49037E-12
-2.44915	2.44257E-12	1.56764E-12
-2.45917	2.52747E-12	1.56224E-12
-2.46918	2.63009E-12	1.59913E-12
-2.4792	2.73733E-12	1.65406E-12
-2.48921	2.82843E-12	1.7024E-12
-2.49923	2.87522E-12	1.74682E-12
-2.50924	2.94449E-12	1.74316E-12
-2.51926	3.0118E-12	1.79335E-12
-2.52928	3.09708E-12	1.8512E-12
-2.53929	3.13091E-12	1.89755E-12
-2.54931	3.23257E-12	1.90852E-12
-2.55932	3.27241E-12	1.90954E-12
-2.56934	3.3206E-12	1.9779E-12
-2.57935	3.47826E-12	2.04926E-12
-2.58937	3.4874E-12	2.0525E-12
-2.59938	3.5438E-12	2.06454E-12
-2.6094	3.61215E-12	2.10754E-12
-2.61941	3.65064E-12	2.07602E-12
-2.62943	3.67398E-12	2.12686E-12
-2.63945	3.69732E-12	2.16691E-12
-2.64946	3.84587E-12	2.18416E-12
-2.65948	3.80726E-12	2.18624E-12
-2.66949	3.93376E-12	2.188E-12
-2.67951	4.00011E-12	2.24623E-12
-2.68952	4.01594E-12	2.29103E-12
-2.69954	4.06391E-12	2.24622E-12
-2.70955	4.13416E-12	2.17444E-12
-2.71957	4.13631E-12	2.2349E-12
-2.72958	4.20155E-12	2.2013E-12
-2.7396	4.22394E-12	2.23829E-12
-2.74961	4.18217E-12	2.25357E-12
-2.75963	4.22043E-12	2.19887E-12
-2.76965	4.16009E-12	2.15143E-12
-2.77966	4.23266E-12	2.17801E-12
-2.78968	4.3003E-12	2.13513E-12
-2.79969	4.25341E-12	2.14518E-12
-2.80971	4.22578E-12	2.10142E-12
-2.81972	4.27508E-12	2.16972E-12
-2.82974	4.27459E-12	2.13466E-12
-2.83975	4.33209E-12	2.15816E-12
-2.84977	4.34815E-12	2.17582E-12
-2.85978	4.27059E-12	2.17275E-12
-2.8698	4.2991E-12	2.23512E-12
-2.87982	4.26896E-12	2.22465E-12
-2.88983	4.28798E-12	2.20362E-12
-2.89985	4.36906E-12	2.2543E-12
-2.90986	4.41761E-12	2.37341E-12
-2.91988	4.34865E-12	2.30263E-12
-2.92989	4.52158E-12	2.38863E-12
-2.93991	4.54992E-12	2.45746E-12
-2.94992	4.48771E-12	2.42341E-12
-2.95994	4.58066E-12	2.50332E-12
-2.96995	4.74116E-12	2.55246E-12
-2.97997	4.78981E-12	2.59597E-12
-2.98998	4.88903E-12	2.68651E-12
-3	4.9261E-12	2.69549E-12